701-01,,51,63,36,50,81-99,Railroad Retirement Board,2418,28,75,101,-24,9,22,40,84,113
701-03,,51,63,36,50,81-99,Railroad Retirement Board,1933,23,75,105,-29,9,30,43,85,113
701-05,,51,63,36,50,81-99,Railroad Retirement Board,2331,44,81,107,-36,-2,20,39,80,112
701-06,,,,,,,,1,,,,111,111,111,111,111,111
701-07,,51,63,36,50,81-99,Railroad Retirement Board,1951,13,80,107,-31,-2,23,19,79,110
701-09,,51,63,36,50,81-99,Railroad Retirement Board,2275,25,80,104,-33,1,21,37,81,111
701-10,,51,63,36,50,81-99,Railroad Retirement Board,2493,12,79,108,-32,0,21,19,80,113
701-12,,51,63,36,50,81-99,Railroad Retirement Board,2279,38,80,105,-32,0,20,38,80,113
701-14,,51,63,36,50,81-99,Railroad Retirement Board,2161,6,80,102,-33,0,20,19,80,113
701-16,,51,63,36,50,81-99,Railroad Retirement Board,3378,27,76,108,-30,7,28,38,84,113
701-18,,51,63,51,111,20-84,Railroad Retirement Board,2894,24,74,102,-26,10,26,42,85,113
701-19,,,,,,,,1,1,1,1,112,112,112,113,113,113
701-24,,,,,,,,1,1,1,1,112,112,112,113,113,113
701-35,,,,,,,,1,,,,112,112,112,112,112,112
701-36,,,,,,,,1,,,,112,112,112,112,112,112
701-44,,,,,,,,1,2,2,2,111,111,111,113,113,113
701-53,,,,,,,,1,,,,112,112,112,112,112,112
701-56,,,,,,,,1,,,,112,112,112,112,112,112
701-57,,,,,,,,1,,,,112,112,112,112,112,112
701-60,,,,,,,,1,,,,112,112,112,112,112,112
701-70,,,,,,,,1,,,,112,112,112,112,112,112
701-85,,,,,,,,1,1,1,1,112,112,112,113,113,113
701-92,,,,,,,,1,,,,111,111,111,111,111,111
702-01,,51,63,36,50,81-99,Railroad Retirement Board,2023,20,75,103,-27,12,32,38,87,113
702-02,,,,,,,,1,1,1,1,112,112,112,113,113,113
702-03,,51,63,36,50,81-99,Railroad Retirement Board,2458,21,77,105,-31,4,33,43,82,113
702-05,,51,63,36,50,81-99,Railroad Retirement Board,2300,26,79,105,-34,0,20,17,79,112
702-07,,51,63,36,50,81-99,Railroad Retirement Board,2757,32,79,110,-28,1,21,39,80,112
702-08,,,,,,,,1,,,,112,112,112,112,112,112
702-09,,51,63,36,50,81-99,Railroad Retirement Board,3424,4,76,104,-31,4,48,19,81,113
702-10,,51,63,36,50,81-99,Railroad Retirement Board,2840,27,78,106,-30,2,21,38,80,112
702-12,,51,63,36,50,81-99,Railroad Retirement Board,2991,31,78,108,-34,2,35,40,80,113
702-13,,,,,,,,1,,,,112,112,112,112,112,112
702-14,,51,63,36,50,81-99,Railroad Retirement Board,2692,33,79,108,-28,1,21,37,80,111
702-16,,51,63,36,50,81-99,Railroad Retirement Board,2656,32,79,108,-33,1,20,37,80,112
702-18,,51,63,51,111,20-84,Railroad Retirement Board,2815,33,77,105,-39,4,27,41,81,113
702-38,,,,,,,,1,2,2,2,111,111,111,113,113,113
702-42,,,,,,,,1,1,1,1,112,112,112,113,113,113
702-51,,,,,,,,1,,,,112,112,112,112,112,112
702-53,,,,,,,,1,,,,111,111,111,111,111,111
702-63,,,,,,,,1,,,,112,112,112,112,112,112
702-66,,,,,,,,1,,,,111,111,111,111,111,111
702-71,,,,,,,,1,,,,112,112,112,112,112,112
702-82,,,,,,,,1,,,,111,111,111,111,111,111
702-83,,,,,,,,1,1,1,1,112,112,112,113,113,113
702-93,,,,,,,,1,,,,112,112,112,112,112,112
703-01,,51,63,36,50,81-99,Railroad Retirement Board,1640,26,77,107,-33,4,29,37,81,113
703-03,,51,63,36,50,81-99,Railroad Retirement Board,2476,,75,103,-32,7,26,10,82,113
703-04,,,,,,,,1,1,1,1,112,112,112,113,113,113
703-05,,51,63,36,50,81-99,Railroad Retirement Board,2555,33,75,104,-29,9,29,40,84,112
703-06,,,,,,,,1,,,,112,112,112,112,112,112
703-07,,51,63,36,50,81-99,Railroad Retirement Board,3023,22,74,104,-27,11,34,43,86,113
703-09,,51,63,36,50,81-99,Railroad Retirement Board,1861,6,74,108,-28,13,31,19,88,113
703-10,,51,63,36,50,81-99,Railroad Retirement Board,2902,5,78,105,-30,2,25,0,81,112
703-12,,51,63,36,50,81-99,Railroad Retirement Board,2929,36,77,105,-29,2,22,37,80,112
703-14,,51,63,36,50,81-99,Railroad Retirement Board,2682,31,79,104,-28,1,23,39,81,110
703-15,,,,,,,,1,,,,113,113,113,113,113,113
703-16,,51,63,36,50,81-99,Railroad Retirement Board,2954,,78,106,-37,1,20,13,79,111
703-18,,51,63,51,111,20-84,Railroad Retirement Board,3213,27,76,109,-29,4,28,37,81,112
703-20,,,,,,,,1,1,1,1,112,112,112,113,113,113
703-22,,,,,,,,1,64,64,64,49,49,49,113,113,113
703-33,,,,,,,,1,71,71,71,41,41,41,112,112,112
703-39,,,,,,,,1,1,1,1,112,112,112,113,113,113
703-45,,,,,,,,1,71,71,71,42,42,42,113,113,113
703-54,,,,,,,,1,1,1,1,111,111,111,112,112,112
703-60,,,,,,,,1,,,,112,112,112,112,112,112
703-65,,,,,,,,1,,,,113,113,113,113,113,113
703-66,,,,,,,,1,1,1,1,111,111,111,112,112,112
703-68,,,,,,,,1,,,,112,112,112,112,112,112
703-71,,,,,,,,2,,39,78,34,72,111,111,111,112
703-78,,,,,,,,1,,,,112,112,112,112,112,112
703-80,,,,,,,,1,,,,112,112,112,112,112,112
703-82,,,,,,,,1,,,,111,111,111,111,111,111
703-91,,,,,,,,1,,,,111,111,111,111,111,111
703-92,,,,,,,,1,76,76,76,37,37,37,113,113,113
703-98,,,,,,,,1,,,,111,111,111,111,111,111
704-01,,51,63,36,50,81-99,Railroad Retirement Board,2061,29,75,104,-28,8,34,39,83,113
704-03,,51,63,36,50,81-99,Railroad Retirement Board,2641,39,78,103,-32,2,29,37,81,112
704-04,,,,,,,,1,,,,111,111,111,111,111,111
704-05,,51,63,36,50,81-99,Railroad Retirement Board,1920,23,79,108,-29,-2,20,37,78,112
704-07,,51,63,36,50,81-99,Railroad Retirement Board,2279,29,79,108,-29,-1,21,37,79,113
704-08,,,,,,,,1,,,,112,112,112,112,112,112
704-09,,51,63,36,50,81-99,Railroad Retirement Board,2305,32,78,106,-30,0,20,37,79,113
704-10,,51,63,36,50,81-99,Railroad Retirement Board,2268,34,76,108,-28,6,24,43,82,113
704-12,,51,63,36,50,81-99,Railroad Retirement Board,1753,25,76,103,-28,7,33,42,83,113
704-14,,51,63,36,50,81-99,Railroad Retirement Board,2140,27,78,104,-31,0,20,39,79,112
704-16,,51,63,36,50,81-99,Railroad Retirement Board,2136,30,78,112,-33,0,24,37,78,112
704-18,,51,63,51,111,20-84,Railroad Retirement Board,1995,29,79,107,-30,-1,21,37,79,112
704-29,,,,,,,,3,,,1,111,111,112,112,112,112
704-31,,,,,,,,1,1,1,1,112,112,112,113,113,113
704-43,,,,,,,,1,1,1,1,111,111,111,112,112,112
704-50,,,,,,,,1,1,1,1,112,112,112,113,113,113
704-54,,,,,,,,1,1,1,1,112,112,112,113,113,113
704-55,,,,,,,,1,,,,112,112,112,112,112,112
704-56,,,,,,,,1,1,1,1,112,112,112,113,113,113
704-57,,,,,,,,1,,,,111,111,111,111,111,111
704-65,,,,,,,,1,,,,111,111,111,111,111,111
704-69,,,,,,,,1,,,,112,112,112,112,112,112
704-87,,,,,,,,1,1,1,1,111,111,111,112,112,112
705-01,,51,63,36,50,81-99,Railroad Retirement Board,2876,31,78,109,-32,2,21,38,80,112
705-03,,51,63,36,50,81-99,Railroad Retirement Board,1826,34,79,107,-28,-1,19,37,79,113
705-05,,51,63,36,50,81-99,Railroad Retirement Board,1875,37,80,107,-30,0,20,38,80,112
705-07,,51,63,36,50,81-99,Railroad Retirement Board,1869,35,79,104,-30,-1,20,37,79,110
705-08,,,,,,,,1,,,,111,111,111,111,111,111
705-09,,51,63,36,50,81-99,Railroad Retirement Board,1751,,79,107,-33,0,21,10,79,111
705-10,,51,63,36,50,81-99,Railroad Retirement Board,2465,26,78,103,-31,2,20,38,81,113
705-12,,51,63,36,50,81-99,Railroad Retirement Board,3059,2,75,106,-30,6,27,19,82,113
705-14,,51,63,36,50,81-99,Railroad Retirement Board,1814,26,74,102,-26,10,30,44,85,113
705-15,,,,,,,,1,,,,112,112,112,112,112,112
705-16,,51,63,36,50,81-99,Railroad Retirement Board,2529,29,77,103,-30,4,44,39,82,113
705-18,,51,63,51,111,20-84,Railroad Retirement Board,2418,37,79,105,-30,1,23,40,81,113
705-19,,,,,,,,1,,,,112,112,112,112,112,112
705-34,,,,,,,,1,1,1,1,111,111,111,112,112,112
705-35,,,,,,,,1,,,,111,111,111,111,111,111
705-37,,,,,,,,1,,,,112,112,112,112,112,112
705-41,,,,,,,,2,,,,111,111,112,111,111,112
705-46,,,,,,,,1,,,,111,111,111,111,111,111
705-48,,,,,,,,1,,,,112,112,112,112,112,112
705-75,,,,,,,,1,1,1,1,111,111,111,112,112,112
705-83,,,,,,,,1,,,,112,112,112,112,112,112
705-88,,,,,,,,1,2,2,2,111,111,111,113,113,113
705-97,,,,,,,,1,,,,112,112,112,112,112,112
706-01,,51,63,36,50,81-99,Railroad Retirement Board,2163,37,79,106,-29,1,22,43,81,113
706-03,,51,63,36,50,81-99,Railroad Retirement Board,2093,33,79,105,-32,0,22,40,80,112
706-05,,51,63,36,50,81-99,Railroad Retirement Board,2801,29,76,104,-37,3,25,37,80,113
706-07,,51,63,36,50,81-99,Railroad Retirement Board,2113,29,75,105,-27,8,41,42,84,113
706-09,,51,63,36,50,81-99,Railroad Retirement Board,2931,30,74,104,-31,10,37,43,84,113
706-10,,51,63,36,50,81-99,Railroad Retirement Board,2317,37,79,103,-41,1,21,37,80,113
706-12,,51,63,36,50,81-99,Railroad Retirement Board,2000,6,79,105,-31,0,21,20,79,111
706-14,,51,63,36,50,81-99,Railroad Retirement Board,2307,,79,105,-29,1,20,10,80,113
706-16,,51,63,36,50,81-99,Railroad Retirement Board,2435,26,78,108,-27,1,21,38,79,111
706-18,,51,63,51,111,20-84,Railroad Retirement Board,4259,5,74,123,-29,10,34,0,85,113
706-24,,,,,,,,1,1,1,1,111,111,111,112,112,112
706-32,,,,,,,,1,,,,112,112,112,112,112,112
706-35,,,,,,,,1,,,,112,112,112,112,112,112
706-44,,,,,,,,2,,,,111,111,112,111,111,112
706-60,,,,,,,,1,1,1,1,111,111,111,112,112,112
706-65,,,,,,,,1,1,1,1,111,111,111,112,112,112
706-66,,,,,,,,1,,,,111,111,111,111,111,111
706-74,,,,,,,,1,,,,112,112,112,112,112,112
706-85,,,,,,,,1,,,,113,113,113,113,113,113
706-89,,,,,,,,1,1,1,1,111,111,111,112,112,112
706-95,,,,,,,,1,,,,112,112,112,112,112,112
706-96,,,,,,,,1,,,,111,111,111,111,111,111
707-01,,51,63,36,50,81-99,Railroad Retirement Board,2378,21,72,102,-30,15,31,40,88,113
707-03,,51,63,36,50,81-99,Railroad Retirement Board,1634,27,76,103,-28,7,31,38,84,113
707-05,,51,63,36,50,81-99,Railroad Retirement Board,3137,28,80,106,-33,2,22,38,82,112
707-07,,51,63,36,50,81-99,Railroad Retirement Board,2347,31,80,105,-31,-1,30,39,80,113
707-09,,51,63,36,50,81-99,Railroad Retirement Board,3180,28,78,106,-32,3,22,38,81,113
707-10,,51,63,36,50,81-99,Railroad Retirement Board,2094,28,80,104,-29,0,21,40,81,113
707-12,,51,63,36,50,81-99,Railroad Retirement Board,2381,21,80,105,-31,0,22,43,80,113
707-14,,51,63,36,50,81-99,Railroad Retirement Board,2349,25,78,106,-28,2,21,37,81,113
707-16,,51,63,36,50,81-99,Railroad Retirement Board,2463,36,80,106,-30,-2,21,41,79,112
707-18,,51,63,51,111,20-84,Railroad Retirement Board,2260,30,80,123,-32,0,21,42,80,113
707-25,,,,,,,,2,,,,111,111,112,111,111,112
707-27,,,,,,,,1,,,,112,112,112,112,112,112
707-28,,,,,,,,1,2,2,2,111,111,111,113,113,113
707-31,,,,,,,,1,,,,111,111,111,111,111,111
707-47,,,,,,,,1,67,67,67,46,46,46,113,113,113
707-64,,,,,,,,1,,,,112,112,112,112,112,112
707-67,,,,,,,,1,,,,112,112,112,112,112,112
707-76,,,,,,,,2,,,1,111,111,111,111,111,112
707-84,,,,,,,,1,,,,111,111,111,111,111,111
707-85,,,,,,,,1,,,,111,111,111,111,111,111
707-88,,,,,,,,1,1,1,1,112,112,112,113,113,113
707-90,,,,,,,,1,,,,112,112,112,112,112,112
707-96,,,,,,,,1,1,1,1,112,112,112,113,113,113
707-97,,,,,,,,1,66,66,66,47,47,47,113,113,113
708-01,,51,63,36,50,81-99,Railroad Retirement Board,2298,33,78,115,-31,1,27,37,79,112
708-02,,,,,,,,1,,,,111,111,111,111,111,111
708-03,,51,63,36,50,81-99,Railroad Retirement Board,2933,31,79,113,-37,2,20,37,81,113
708-05,,51,63,36,50,81-99,Railroad Retirement Board,2598,31,79,109,-29,0,21,37,80,112
708-07,,51,63,36,50,81-99,Railroad Retirement Board,2407,30,79,104,-49,-1,21,38,78,111
708-09,,51,63,36,50,81-99,Railroad Retirement Board,2805,30,78,104,-32,3,22,38,81,112
708-10,,51,63,36,50,81-99,Railroad Retirement Board,2596,,79,106,-30,0,21,9,79,112
708-11,,,,,,,,1,1,1,1,111,111,111,112,112,112
708-12,,51,63,36,50,81-99,Railroad Retirement Board,2955,13,78,106,-30,3,21,19,81,113
708-14,,51,63,36,50,81-99,Railroad Retirement Board,2408,28,79,105,-32,-1,21,37,78,113
708-16,,51,63,36,50,81-99,Railroad Retirement Board,2694,26,79,107,-32,2,33,37,81,112
708-18,,51,63,51,111,20-84,Railroad Retirement Board,2809,15,78,105,-44,2,21,15,80,110
708-20,,,,,,,,1,1,1,1,111,111,111,112,112,112
708-34,,,,,,,,1,1,1,1,111,111,111,112,112,112
708-37,,,,,,,,1,,,,112,112,112,112,112,112
708-53,,,,,,,,1,1,1,1,112,112,112,113,113,113
708-58,,,,,,,,1,,,,112,112,112,112,112,112
708-62,,,,,,,,2,,,1,111,111,112,111,112,113
708-70,,,,,,,,1,,,,113,113,113,113,113,113
708-81,,,,,,,,1,,,,112,112,112,112,112,112
708-83,,,,,,,,1,,,,113,113,113,113,113,113
708-89,,,,,,,,1,,,,112,112,112,112,112,112
708-91,,,,,,,,1,,,,112,112,112,112,112,112
708-94,,,,,,,,1,1,1,1,111,111,111,112,112,112
709-01,,51,63,36,50,81-99,Railroad Retirement Board,2532,29,79,107,-30,1,20,39,81,112
709-03,,51,63,36,50,81-99,Railroad Retirement Board,2305,27,79,105,-31,0,19,37,80,113
709-05,,51,63,36,50,81-99,Railroad Retirement Board,2393,29,78,107,-38,1,23,12,80,113
709-06,,,,,,,,1,1,1,1,111,111,111,112,112,112
709-07,,51,63,36,50,81-99,Railroad Retirement Board,3077,21,76,105,-30,4,22,18,81,112
709-08,,,,,,,,1,,,,112,112,112,112,112,112
709-09,,51,63,36,50,81-99,Railroad Retirement Board,3377,38,78,105,-32,2,21,38,81,112
709-10,,51,63,36,50,81-99,Railroad Retirement Board,2557,28,79,106,-33,1,22,19,81,112
709-12,,51,63,36,50,81-99,Railroad Retirement Board,2669,24,77,104,-31,3,22,37,80,113
709-14,,51,63,36,50,81-99,Railroad Retirement Board,2735,35,81,119,-34,0,25,38,81,112
709-16,,51,63,36,50,81-99,Railroad Retirement Board,2401,44,80,105,-30,0,21,38,81,113
709-18,,51,63,51,111,20-84,Railroad Retirement Board,2682,38,80,105,-30,0,19,41,81,112
709-41,,,,,,,,1,,,,111,111,111,111,111,111
709-42,,,,,,,,1,1,1,1,111,111,111,112,112,112
709-44,,,,,,,,1,1,1,1,111,111,111,112,112,112
709-45,,,,,,,,1,2,2,2,111,111,111,113,113,113
709-46,,,,,,,,1,,,,112,112,112,112,112,112
709-48,,,,,,,,1,76,76,76,36,36,36,112,112,112
709-51,,,,,,,,1,17,17,17,95,95,95,112,112,112
709-59,,,,,,,,2,,32,64,48,80,113,112,112,113
709-64,,,,,,,,1,,,,111,111,111,111,111,111
709-81,,,,,,,,1,,,,112,112,112,112,112,112
709-83,,,,,,,,1,,,,112,112,112,112,112,112
709-84,,,,,,,,1,,,,112,112,112,112,112,112
709-97,,,,,,,,1,1,1,1,111,111,111,112,112,112
710-01,,51,63,36,50,81-99,Railroad Retirement Board,3346,26,77,107,-28,5,27,39,83,112
710-03,,51,63,36,50,81-99,Railroad Retirement Board,2204,35,74,102,-27,9,35,43,84,113
710-05,,51,63,36,50,81-99,Railroad Retirement Board,3373,27,76,105,-30,6,25,41,83,113
710-07,,51,63,36,50,81-99,Railroad Retirement Board,2517,30,76,104,-29,7,24,42,83,113
710-09,,51,63,36,50,81-99,Railroad Retirement Board,2998,22,74,102,-27,12,27,41,86,113
710-10,,51,63,36,50,81-99,Railroad Retirement Board,2748,24,74,103,-29,11,30,39,85,113
710-11,,,,,,,,1,,,,113,113,113,113,113,113
710-12,,51,63,36,50,81-99,Railroad Retirement Board,2331,28,75,102,-30,10,33,40,85,113
710-14,,51,63,36,50,81-99,Railroad Retirement Board,2141,29,75,102,-32,9,26,46,85,113
710-16,,51,63,36,50,81-99,Railroad Retirement Board,1152,25,75,102,-26,9,25,44,85,112
710-18,,51,63,51,111,20-84,Railroad Retirement Board,2170,26,75,118,-25,8,27,40,84,113
710-25,,,,,,,,1,1,1,1,112,112,112,113,113,113
710-31,,,,,,,,1,1,1,1,112,112,112,113,113,113
710-32,,,,,,,,1,,,,112,112,112,112,112,112
710-37,,,,,,,,1,,,,111,111,111,111,111,111
710-38,,,,,,,,1,,,,111,111,111,111,111,111
710-49,,,,,,,,1,,,,112,112,112,112,112,112
710-56,,,,,,,,1,,,,112,112,112,112,112,112
710-59,,,,,,,,2,,,,111,112,113,111,112,113
710-66,,,,,,,,1,,,,111,111,111,111,111,111
710-74,,,,,,,,1,1,1,1,112,112,112,113,113,113
710-84,,,,,,,,1,,,,112,112,112,112,112,112
710-91,,,,,,,,1,63,63,63,48,48,48,111,111,111
711-01,,51,63,36,50,81-99,Railroad Retirement Board,2113,3,75,105,-23,9,27,19,84,113
711-03,,51,63,36,50,81-99,Railroad Retirement Board,1372,31,75,103,-29,10,43,44,85,113
711-05,,51,63,36,50,81-99,Railroad Retirement Board,1111,31,75,102,-31,10,28,48,85,113
711-07,,51,63,36,50,81-99,Railroad Retirement Board,2208,22,73,101,-24,13,25,43,87,113
711-09,,51,63,36,50,81-99,Railroad Retirement Board,1029,40,75,102,-21,9,24,47,85,113
711-10,,51,63,36,50,81-99,Railroad Retirement Board,1365,26,74,101,-26,12,28,44,87,113
711-12,,51,63,36,50,81-99,Railroad Retirement Board,1869,30,75,104,-27,8,28,41,84,113
711-14,,51,63,36,50,81-99,Railroad Retirement Board,2366,32,75,104,-31,10,29,44,86,113
711-16,,51,63,36,50,81-99,Railroad Retirement Board,818,25,75,100,-21,9,24,44,84,113
711-18,,51,63,51,111,20-84,Railroad Retirement Board,1136,34,75,102,-27,11,26,48,86,113
711-19,,,,,,,,1,,,,113,113,113,113,113,113
711-20,,,,,,,,1,,,,112,112,112,112,112,112
711-23,,,,,,,,1,,,,111,111,111,111,111,111
711-34,,,,,,,,1,,,,112,112,112,112,112,112
711-54,,,,,,,,1,,,,113,113,113,113,113,113
711-55,,,,,,,,1,,,,111,111,111,111,111,111
711-57,,,,,,,,1,,,,112,112,112,112,112,112
711-60,,,,,,,,1,,,,112,112,112,112,112,112
711-66,,,,,,,,1,1,1,1,111,111,111,112,112,112
711-72,,,,,,,,1,,,,113,113,113,113,113,113
711-75,,,,,,,,1,,,,111,111,111,111,111,111
711-92,,,,,,,,1,,,,112,112,112,112,112,112
712-01,,51,63,36,50,81-99,Railroad Retirement Board,2865,30,77,109,-32,5,27,37,83,113
712-03,,51,63,36,50,81-99,Railroad Retirement Board,2994,31,79,115,-34,2,21,44,81,113
712-04,,,,,,,,1,,,,111,111,111,111,111,111
712-05,,51,63,36,50,81-99,Railroad Retirement Board,2786,26,79,104,-30,1,22,38,81,113
712-07,,51,63,36,50,81-99,Railroad Retirement Board,2920,,79,105,-31,2,23,9,81,113
712-09,,51,63,36,50,81-99,Railroad Retirement Board,3818,17,76,115,-42,7,28,37,83,112
712-10,,51,63,36,50,81-99,Railroad Retirement Board,1984,27,75,107,-24,11,41,37,86,113
712-12,,51,63,36,50,81-99,Railroad Retirement Board,2455,22,75,105,-30,13,40,44,88,113
712-13,,,,,,,,1,1,1,1,112,112,112,113,113,113
712-14,,51,63,36,50,81-99,Railroad Retirement Board,2611,8,79,105,-29,0,20,0,80,112
712-16,,51,63,36,50,81-99,Railroad Retirement Board,2551,34,79,104,-35,1,22,15,81,113
712-18,,51,63,51,111,20-84,Railroad Retirement Board,2848,22,79,110,-31,1,51,38,80,111
712-22,,,,,,,,1,1,1,1,112,112,112,113,113,113
712-29,,,,,,,,1,,,,111,111,111,111,111,111
712-41,,,,,,,,1,1,1,1,111,111,111,112,112,112
712-63,,,,,,,,1,1,1,1,111,111,111,112,112,112
712-65,,,,,,,,2,,,1,111,111,112,112,112,112
712-66,,,,,,,,1,,,,112,112,112,112,112,112
712-67,,,,,,,,1,,,,111,111,111,111,111,111
712-68,,,,,,,,1,,,,113,113,113,113,113,113
712-77,,,,,,,,1,1,1,1,112,112,112,113,113,113
712-90,,,,,,,,1,78,78,78,35,35,35,113,113,113
712-95,,,,,,,,2,1,33,66,46,78,111,112,112,112
712-98,,,,,,,,1,,,,112,112,112,112,112,112
712-99,,,,,,,,1,,,,113,113,113,113,113,113
713-01,,51,63,36,50,81-99,Railroad Retirement Board,2712,40,79,106,-31,0,26,44,80,112
713-03,,51,63,36,50,81-99,Railroad Retirement Board,2377,41,80,103,-30,0,20,37,80,111
713-04,,,,,,,,1,1,1,1,111,111,111,112,112,112
713-05,,51,63,36,50,81-99,Railroad Retirement Board,2256,31,79,105,-30,-1,23,39,79,112
713-07,,51,63,36,50,81-99,Railroad Retirement Board,2399,37,78,105,-32,1,21,44,80,111
713-08,,,,,,,,1,62,62,62,50,50,50,112,112,112
713-09,,51,63,36,50,81-99,Railroad Retirement Board,2220,32,78,109,-29,1,20,38,79,112
713-10,,51,63,36,50,81-99,Railroad Retirement Board,2133,27,79,107,-30,0,51,37,79,112
713-12,,51,63,36,50,81-99,Railroad Retirement Board,1896,34,79,106,-28,0,21,41,79,112
713-14,,51,63,36,50,81-99,Railroad Retirement Board,2042,39,78,107,-32,0,19,45,79,110
713-16,,51,63,36,50,81-99,Railroad Retirement Board,2162,34,78,107,-31,0,20,39,79,112
713-18,,51,63,51,111,20-84,Railroad Retirement Board,2777,21,76,104,-32,5,27,18,81,113
713-19,,,,,,,,1,1,1,1,112,112,112,113,113,113
713-34,,,,,,,,1,,,,112,112,112,112,112,112
713-36,,,,,,,,1,,,,112,112,112,112,112,112
713-49,,,,,,,,1,1,1,1,111,111,111,112,112,112
713-74,,,,,,,,1,,,,112,112,112,112,112,112
713-77,,,,,,,,1,1,1,1,112,112,112,113,113,113
713-87,,,,,,,,1,,,,112,112,112,112,112,112
713-99,,,,,,,,1,1,1,1,111,111,111,112,112,112
714-01,,51,63,36,50,81-99,Railroad Retirement Board,2460,24,78,108,-29,0,22,19,79,113
714-03,,51,63,36,50,81-99,Railroad Retirement Board,2374,13,78,104,-27,1,23,14,80,113
714-05,,51,63,36,50,81-99,Railroad Retirement Board,2552,35,79,107,-29,0,21,40,80,113
714-07,,51,63,36,50,81-99,Railroad Retirement Board,2850,32,78,104,-30,1,20,37,80,112
714-09,,51,63,36,50,81-99,Railroad Retirement Board,2499,34,79,105,-32,-1,23,38,79,113
714-10,,51,63,36,50,81-99,Railroad Retirement Board,2706,32,79,104,-35,1,43,38,80,113
714-12,,51,63,36,50,81-99,Railroad Retirement Board,2141,42,79,104,-32,0,21,38,79,112
714-13,,,,,,,,1,,,,112,112,112,112,112,112
714-14,,51,63,36,50,81-99,Railroad Retirement Board,2859,30,78,106,-30,3,21,43,81,113
714-16,,51,63,36,50,81-99,Railroad Retirement Board,4288,28,75,108,-28,9,32,44,84,113
714-18,,51,63,51,111,20-84,Railroad Retirement Board,2937,22,73,105,-27,17,28,44,90,113
714-19,,,,,,,,1,1,1,1,112,112,112,113,113,113
714-20,,,,,,,,1,,,,112,112,112,112,112,112
714-40,,,,,,,,1,,,,112,112,112,112,112,112
714-61,,,,,,,,1,,,,113,113,113,113,113,113
714-62,,,,,,,,1,1,1,1,111,111,111,112,112,112
714-71,,,,,,,,1,,,,111,111,111,111,111,111
714-79,,,,,,,,1,,,,112,112,112,112,112,112
714-83,,,,,,,,1,1,1,1,112,112,112,113,113,113
714-95,,,,,,,,1,1,1,1,111,111,111,112,112,112
715-01,,51,63,36,50,81-99,Railroad Retirement Board,2631,22,74,104,-29,10,29,41,84,113
715-03,,51,63,36,50,81-99,Railroad Retirement Board,2409,26,75,105,-33,9,43,38,85,113
715-05,,51,63,36,50,81-99,Railroad Retirement Board,526,32,75,103,-26,5,23,44,81,113
715-07,,51,63,36,50,81-99,Railroad Retirement Board,1661,29,76,102,-30,8,26,44,84,113
715-08,,,,,,,,1,1,1,1,112,112,112,113,113,113
715-09,,51,63,36,50,81-99,Railroad Retirement Board,1056,33,73,101,-28,14,33,55,87,113
715-10,,51,63,36,50,81-99,Railroad Retirement Board,2607,23,73,108,-26,12,41,42,86,113
715-12,,51,63,36,50,81-99,Railroad Retirement Board,2362,24,78,107,-27,2,20,23,80,113
715-14,,51,63,36,50,81-99,Railroad Retirement Board,1768,37,79,108,-37,-1,31,37,79,113
715-16,,51,63,36,50,81-99,Railroad Retirement Board,2045,2,79,105,-35,0,20,20,79,113
715-18,,51,63,51,111,20-84,Railroad Retirement Board,1732,30,81,104,-33,-3,18,40,78,110
715-21,,,,,,,,1,,,,112,112,112,112,112,112
715-24,,,,,,,,1,2,2,2,111,111,111,113,113,113
715-38,,,,,,,,1,,,,111,111,111,111,111,111
715-40,,,,,,,,1,,,,112,112,112,112,112,112
715-49,,,,,,,,1,1,1,1,111,111,111,112,112,112
715-53,,,,,,,,1,,,,113,113,113,113,113,113
715-60,,,,,,,,1,,,,112,112,112,112,112,112
715-62,,,,,,,,1,,,,112,112,112,112,112,112
715-67,,,,,,,,1,,,,112,112,112,112,112,112
715-83,,,,,,,,1,,,,113,113,113,113,113,113
715-90,,,,,,,,1,57,57,57,55,55,55,112,112,112
716-01,,51,63,36,50,81-99,Railroad Retirement Board,2303,35,79,105,-31,1,21,38,80,112
716-03,,51,63,36,50,81-99,Railroad Retirement Board,1700,32,79,109,-31,-2,20,37,77,112
716-05,,51,63,36,50,81-99,Railroad Retirement Board,1991,29,78,104,-49,2,21,38,81,113
716-07,,51,63,36,50,81-99,Railroad Retirement Board,2026,27,79,103,-29,2,20,31,81,113
716-08,,,,,,,,1,2,2,2,111,111,111,113,113,113
716-09,,51,63,36,50,81-99,Railroad Retirement Board,1903,28,79,104,-29,-1,19,43,78,110
716-10,,51,63,36,50,81-99,Railroad Retirement Board,1444,31,80,103,-29,-1,19,43,80,113
716-12,,51,63,36,50,81-99,Railroad Retirement Board,1960,29,78,108,-29,2,24,31,80,113
716-14,,51,63,36,50,81-99,Railroad Retirement Board,1462,36,80,105,-31,-2,34,37,79,112
716-16,,51,63,36,50,81-99,Railroad Retirement Board,2166,31,80,105,-31,0,20,31,80,113
716-18,,51,63,51,111,20-84,Railroad Retirement Board,1946,23,80,105,-30,-1,20,19,79,112
716-24,,,,,,,,1,1,1,1,111,111,111,112,112,112
716-33,,,,,,,,2,,1,2,111,111,112,112,112,113
716-47,,,,,,,,1,,,,112,112,112,112,112,112
716-49,,,,,,,,1,2,2,2,111,111,111,113,113,113
716-60,,,,,,,,1,,,,111,111,111,111,111,111
716-66,,,,,,,,1,,,,112,112,112,112,112,112
716-83,,,,,,,,1,13,13,13,99,99,99,112,112,112
716-90,,,,,,,,1,1,1,1,111,111,111,112,112,112
716-94,,,,,,,,2,,,1,111,111,111,111,111,112
717-01,,51,63,36,50,81-99,Railroad Retirement Board,2375,39,78,104,-33,0,20,39,79,109
717-03,,51,63,36,50,81-99,Railroad Retirement Board,2296,31,79,105,-31,-1,20,45,79,113
717-05,,51,63,36,50,81-99,Railroad Retirement Board,2167,28,78,103,-31,1,24,38,80,111
717-07,,51,63,36,50,81-99,Railroad Retirement Board,2097,26,78,104,-29,0,21,38,79,113
717-09,,51,63,36,50,81-99,Railroad Retirement Board,3546,25,75,103,-31,8,29,42,84,113
717-10,,51,63,36,50,81-99,Railroad Retirement Board,2708,26,74,102,-28,12,29,44,86,113
717-11,,,,,,,,1,1,1,1,111,111,111,112,112,112
717-12,,51,63,36,50,81-99,Railroad Retirement Board,3211,25,74,105,-26,11,39,40,86,113
717-14,,51,63,36,50,81-99,Railroad Retirement Board,3185,,74,104,-27,12,28,24,87,113
717-16,,51,63,36,50,81-99,Railroad Retirement Board,716,26,75,106,-22,10,28,44,85,111
717-18,,51,63,51,111,20-84,Railroad Retirement Board,1220,39,75,101,-28,9,26,50,85,113
717-22,,,,,,,,1,,,,112,112,112,112,112,112
717-23,,,,,,,,1,,,,113,113,113,113,113,113
717-33,,,,,,,,2,,,,111,111,112,111,111,112
717-34,,,,,,,,1,,,,111,111,111,111,111,111
717-35,,,,,,,,1,35,35,35,78,78,78,113,113,113
717-41,,,,,,,,1,1,1,1,111,111,111,112,112,112
717-56,,,,,,,,1,,,,111,111,111,111,111,111
717-57,,,,,,,,1,1,1,1,111,111,111,112,112,112
717-63,,,,,,,,1,,,,113,113,113,113,113,113
717-68,,,,,,,,1,,,,112,112,112,112,112,112
717-70,,,,,,,,1,,,,112,112,112,112,112,112
717-72,,,,,,,,1,,,,112,112,112,112,112,112
717-77,,,,,,,,1,,,,112,112,112,112,112,112
717-81,,,,,,,,1,,,,112,112,112,112,112,112
717-84,,,,,,,,1,,,,112,112,112,112,112,112
717-87,,,,,,,,1,85,85,85,27,27,27,112,112,112
717-90,,,,,,,,1,,,,112,112,112,112,112,112
717-91,,,,,,,,1,,,,112,112,112,112,112,112
717-94,,,,,,,,1,,,,112,112,112,112,112,112
718-01,,51,63,36,50,81-99,Railroad Retirement Board,2133,27,73,101,-26,13,32,43,87,113
718-03,,51,63,36,50,81-99,Railroad Retirement Board,2350,31,76,103,-29,4,29,41,81,113
718-04,,,,,,,,2,,,,112,112,112,112,112,112
718-05,,51,63,36,50,81-99,Railroad Retirement Board,2700,27,77,106,-30,2,24,37,80,112
718-07,,51,63,36,50,81-99,Railroad Retirement Board,2557,28,76,105,-28,3,24,18,79,113
718-09,,51,63,36,50,81-99,Railroad Retirement Board,2519,25,73,105,-36,9,33,37,82,113
718-10,,51,63,36,50,81-99,Railroad Retirement Board,3207,24,76,109,-45,5,24,31,82,113
718-12,,51,63,36,50,81-99,Railroad Retirement Board,2105,32,78,110,-33,1,22,37,79,112
718-14,,51,63,36,50,81-99,Railroad Retirement Board,2602,26,76,106,-32,3,27,38,80,113
718-16,,51,63,36,50,81-99,Railroad Retirement Board,1878,29,79,104,-33,1,20,38,81,112
718-18,,51,63,51,111,20-84,Railroad Retirement Board,2323,29,78,103,-31,3,21,38,81,113
718-20,,,,,,,,2,,36,72,41,76,112,112,112,113
718-24,,,,,,,,1,,,,113,113,113,113,113,113
718-35,,,,,,,,1,,,,111,111,111,111,111,111
718-38,,,,,,,,2,,,1,111,111,112,112,112,112
718-43,,,,,,,,1,,,,113,113,113,113,113,113
718-44,,,,,,,,1,,,,112,112,112,112,112,112
718-48,,,,,,,,1,,,,112,112,112,112,112,112
718-50,,,,,,,,1,,,,112,112,112,112,112,112
718-54,,,,,,,,1,,,,112,112,112,112,112,112
718-61,,,,,,,,1,,,,112,112,112,112,112,112
718-69,,,,,,,,1,,,,112,112,112,112,112,112
718-70,,,,,,,,1,64,64,64,49,49,49,113,113,113
718-75,,,,,,,,1,,,,111,111,111,111,111,111
718-77,,,,,,,,1,,,,111,111,111,111,111,111
718-79,,,,,,,,1,,,,112,112,112,112,112,112
718-81,,,,,,,,1,1,1,1,111,111,111,112,112,112
718-84,,,,,,,,2,,,,111,111,112,111,111,112
718-96,,,,,,,,1,1,1,1,111,111,111,112,112,112
718-99,,,,,,,,1,,,,112,112,112,112,112,112
719-01,,51,63,36,50,81-99,Railroad Retirement Board,2536,26,78,111,-28,2,21,40,81,113
719-03,,51,63,36,50,81-99,Railroad Retirement Board,2073,18,79,131,-28,3,21,20,82,112
719-04,,,,,,,,1,1,1,1,112,112,112,113,113,113
719-05,,51,63,36,50,81-99,Railroad Retirement Board,1735,29,79,108,-31,2,20,37,81,113
719-07,,51,63,36,50,81-99,Railroad Retirement Board,2413,3,77,106,-29,3,71,38,80,113
719-09,,51,63,36,50,81-99,Railroad Retirement Board,2295,26,76,106,-30,3,23,39,80,111
719-10,,51,63,36,50,81-99,Railroad Retirement Board,2752,26,74,103,-30,7,30,39,82,113
719-12,,51,63,36,50,81-99,Railroad Retirement Board,906,30,75,101,-24,8,27,45,84,112
719-13,,,,,,,,1,1,1,1,111,111,111,112,112,112
719-14,,51,63,36,50,81-99,Railroad Retirement Board,2822,2,75,104,-31,7,28,13,83,113
719-15,,,,,,,,1,1,1,1,111,111,111,112,112,112
719-16,,51,63,36,50,81-99,Railroad Retirement Board,1411,27,73,104,-34,12,44,44,85,113
719-18,,51,63,51,111,20-84,Railroad Retirement Board,2313,31,75,107,-32,7,24,37,83,113
719-19,,,,,,,,1,73,73,73,38,38,38,111,111,111
719-21,,,,,,,,1,1,1,1,111,111,111,112,112,112
719-23,,,,,,,,1,,,,111,111,111,111,111,111
719-31,,,,,,,,1,54,54,54,57,57,57,111,111,111
719-51,,,,,,,,2,,,1,111,111,111,111,111,112
719-53,,,,,,,,1,,,,112,112,112,112,112,112
719-67,,,,,,,,1,,,,112,112,112,112,112,112
719-72,,,,,,,,1,1,1,1,112,112,112,113,113,113
719-78,,,,,,,,2,,,1,111,111,112,112,112,112
719-81,,,,,,,,1,,,,112,112,112,112,112,112
719-82,,,,,,,,1,1,1,1,112,112,112,113,113,113
719-91,,,,,,,,1,1,1,1,111,111,111,112,112,112
720-01,,51,63,36,50,81-99,Railroad Retirement Board,841,25,75,100,-28,10,28,43,85,113
720-03,,51,63,36,50,81-99,Railroad Retirement Board,3237,23,75,105,-26,12,31,43,88,113
720-05,,51,63,36,50,81-99,Railroad Retirement Board,1322,26,74,101,-29,11,43,44,85,113
720-06,,,,,,,,2,,,1,111,112,113,112,112,113
720-07,,51,63,36,50,81-99,Railroad Retirement Board,3166,23,74,106,-29,13,31,46,88,113
720-09,,51,63,36,50,81-99,Railroad Retirement Board,2964,25,75,104,-28,10,41,43,86,113
720-10,,51,63,36,50,81-99,Railroad Retirement Board,3574,23,74,105,-29,14,29,44,88,113
720-12,,51,63,36,50,81-99,Railroad Retirement Board,3780,,74,104,-27,12,33,10,86,113
720-14,,51,63,36,50,81-99,Railroad Retirement Board,2759,20,74,103,-28,11,29,30,86,113
720-15,,,,,,,,1,1,1,1,112,112,112,113,113,113
720-16,,51,63,36,50,81-99,Railroad Retirement Board,2609,23,75,104,-31,10,27,42,86,113
720-18,,51,63,51,111,20-84,Railroad Retirement Board,1706,30,75,100,-35,12,28,48,88,113
720-19,,,,,,,,1,,,,112,112,112,112,112,112
720-23,,,,,,,,1,,,,111,111,111,111,111,111
720-29,,,,,,,,1,,,,112,112,112,112,112,112
720-35,,,,,,,,1,,,,113,113,113,113,113,113
720-45,,,,,,,,1,,,,113,113,113,113,113,113
720-49,,,,,,,,1,1,1,1,112,112,112,113,113,113
720-58,,,,,,,,1,1,1,1,111,111,111,112,112,112
720-70,,,,,,,,1,,,,111,111,111,111,111,111
720-71,,,,,,,,1,,,,111,111,111,111,111,111
720-76,,,,,,,,1,1,1,1,111,111,111,112,112,112
720-78,,,,,,,,1,,,,113,113,113,113,113,113
720-83,,,,,,,,1,1,1,1,112,112,112,113,113,113
720-87,,,,,,,,1,1,1,1,112,112,112,113,113,113
720-88,,,,,,,,1,,,,111,111,111,111,111,111
720-94,,,,,,,,2,,,,112,112,112,112,112,112
720-95,,,,,,,,1,,,,112,112,112,112,112,112
721-01,,51,63,36,50,81-99,Railroad Retirement Board,2351,26,75,102,-37,12,78,46,88,113
721-02,,,,,,,,1,,,,111,111,111,111,111,111
721-03,,51,63,36,50,81-99,Railroad Retirement Board,2673,27,74,105,-30,13,32,44,88,113
721-05,,51,63,36,50,81-99,Railroad Retirement Board,2640,23,74,105,-31,11,35,45,86,113
721-06,,,,,,,,1,,,,112,112,112,112,112,112
721-07,,51,63,36,50,81-99,Railroad Retirement Board,2567,25,74,103,-28,14,30,43,88,113
721-09,,51,63,36,50,81-99,Railroad Retirement Board,3142,22,74,103,-38,13,31,45,87,113
721-10,,51,63,36,50,81-99,Railroad Retirement Board,3780,21,73,105,-34,15,36,46,89,113
721-12,,51,63,36,50,81-99,Railroad Retirement Board,3414,11,73,109,-31,14,73,45,88,113
721-14,,51,63,36,50,81-99,Railroad Retirement Board,3246,25,75,105,-30,13,39,46,89,113
721-16,,51,63,36,50,81-99,Railroad Retirement Board,2391,24,74,109,-28,13,33,49,87,113
721-18,,51,63,51,111,20-84,Railroad Retirement Board,3794,21,76,108,-29,12,31,44,88,113
721-25,,,,,,,,1,,,,111,111,111,111,111,111
721-39,,,,,,,,2,,,,112,112,112,112,112,112
721-52,,,,,,,,1,,,,113,113,113,113,113,113
721-57,,,,,,,,1,,,,111,111,111,111,111,111
721-60,,,,,,,,1,87,87,87,24,24,24,111,111,111
721-65,,,,,,,,1,,,,111,111,111,111,111,111
721-73,,,,,,,,1,2,2,2,111,111,111,113,113,113
721-76,,,,,,,,1,,,,111,111,111,111,111,111
721-78,,,,,,,,1,1,1,1,111,111,111,112,112,112
721-79,,,,,,,,1,,,,112,112,112,112,112,112
721-83,,,,,,,,1,1,1,1,111,111,111,112,112,112
721-85,,,,,,,,1,,,,112,112,112,112,112,112
722-01,,51,63,36,50,81-99,Railroad Retirement Board,2646,30,74,103,-27,14,31,43,88,113
722-03,,51,63,36,50,81-99,Railroad Retirement Board,2242,29,74,104,-26,15,32,47,89,113
722-05,,51,63,36,50,81-99,Railroad Retirement Board,2196,26,73,104,-30,15,47,51,89,113
722-07,,51,63,36,50,81-99,Railroad Retirement Board,1950,23,73,104,-33,14,35,48,88,113
722-09,,51,63,36,50,81-99,Railroad Retirement Board,2846,2,75,105,-29,11,34,29,87,113
722-10,,51,63,36,50,81-99,Railroad Retirement Board,2719,24,73,104,-26,17,46,45,90,113
722-12,,51,63,36,50,81-99,Railroad Retirement Board,2311,,73,106,-27,15,45,24,89,113
722-14,,51,63,36,50,81-99,Railroad Retirement Board,1696,25,73,106,-30,15,46,46,88,113
722-16,,51,63,36,50,81-99,Railroad Retirement Board,2972,25,74,104,-33,14,48,48,89,113
722-18,,51,63,51,111,20-84,Railroad Retirement Board,2736,25,74,102,-30,14,36,46,89,113
722-20,,,,,,,,1,,,,112,112,112,112,112,112
722-28,,,,,,,,1,,,,113,113,113,113,113,113
722-51,,,,,,,,1,,,,112,112,112,112,112,112
722-59,,,,,,,,2,,,1,111,111,112,112,112,112
722-61,,,,,,,,1,1,1,1,112,112,112,113,113,113
722-62,,,,,,,,2,,,1,112,112,112,112,112,113
722-66,,,,,,,,1,,,,111,111,111,111,111,111
722-72,,,,,,,,1,1,1,1,111,111,111,112,112,112
722-84,,,,,,,,1,,,,113,113,113,113,113,113
722-89,,,,,,,,1,1,1,1,111,111,111,112,112,112
722-90,,,,,,,,1,,,,112,112,112,112,112,112
722-97,,,,,,,,1,1,1,1,112,112,112,113,113,113
722-98,,,,,,,,1,,,,111,111,111,111,111,111
723-01,,51,63,36,50,81-99,Railroad Retirement Board,2804,24,72,111,-44,17,47,49,90,113
723-02,,,,,,,,1,,,,112,112,112,112,112,112
723-03,,51,63,36,50,81-99,Railroad Retirement Board,2665,22,73,106,-27,16,46,49,90,113
723-05,,51,63,36,50,81-99,Railroad Retirement Board,1842,23,74,107,-34,14,37,51,88,113
723-07,,51,63,36,50,81-99,Railroad Retirement Board,1946,23,71,107,-27,18,36,45,89,113
723-09,,51,63,36,50,81-99,Railroad Retirement Board,1931,17,72,107,-30,16,39,20,89,113
723-10,,51,63,36,50,81-99,Railroad Retirement Board,1907,11,71,106,-28,20,47,19,91,113
723-12,,51,63,36,50,81-99,Railroad Retirement Board,1344,26,73,103,-22,15,31,49,88,113
723-13,,,,,,,,1,1,1,1,111,111,111,112,112,112
723-14,,51,63,36,50,81-99,Railroad Retirement Board,1713,27,71,102,-30,18,34,46,90,113
723-16,,51,63,36,50,81-99,Railroad Retirement Board,1650,28,73,104,-48,16,33,45,90,113
723-18,,51,63,51,111,20-84,Railroad Retirement Board,2844,26,72,103,-30,18,41,46,90,113
723-20,Railroad Retirement,,,,,,,,,,,,,,,,
723-22,Railroad Retirement,,,,,,,,,,,,,,,,
723-24,Railroad Retirement,,,,,,,,,,,,,,,,
723-26,Railroad Retirement,,,,,,,,,,,,,,,,
723-28,Railroad Retirement,,,,,,,,,,,,,,,,
723-29,,,,,,,,2,,1,2,111,111,112,112,112,113
723-37,,,,,,,,1,67,67,67,45,45,45,112,112,112
723-43,,,,,,,,1,70,70,70,43,43,43,113,113,113
723-48,,,,,,,,2,1,1,1,111,111,112,112,112,113
723-65,,,,,,,,2,,,,111,111,112,111,111,112
723-69,,,,,,,,1,1,1,1,111,111,111,112,112,112
723-75,,,,,,,,1,,,,112,112,112,112,112,112
723-81,,,,,,,,1,,,,111,111,111,111,111,111
723-94,,,,,,,,1,,,,113,113,113,113,113,113
724-01,,51,63,36,50,81-99,Railroad Retirement Board,314,28,77,100,-13,13,30,44,91,113
724-03,,51,63,36,50,81-99,Railroad Retirement Board,313,31,76,104,-12,15,26,45,91,113
724-05,,51,63,36,50,81-99,Railroad Retirement Board,326,37,76,98,-6,14,26,56,91,112
724-07,,51,63,36,50,81-99,Railroad Retirement Board,285,21,77,99,-12,13,25,45,91,113
724-09,,51,63,36,50,81-99,Railroad Retirement Board,361,37,76,102,-16,13,27,53,90,113
724-10,,51,63,36,50,81-99,Railroad Retirement Board,165,40,76,101,-11,14,26,46,91,112
724-12,,51,63,36,50,81-99,Railroad Retirement Board,277,31,76,100,-11,15,27,48,91,113
724-13,,,,,,,,2,,,,112,112,112,112,112,112
724-14,,51,63,36,50,81-99,Railroad Retirement Board,248,35,77,99,-13,14,27,58,92,113
724-15,,,,,,,,1,1,1,1,111,111,111,112,112,112
724-16,,51,63,36,50,81-99,Railroad Retirement Board,332,38,76,103,-17,14,41,53,91,113
724-18,,51,63,36,50,81-99,Railroad Retirement Board,172,41,75,101,-12,16,27,55,92,113
724-20,,,,36,50,81-99,Railroad Retirement Board,241,46,77,104,-9,15,27,64,92,113
724-22,,,,36,50,81-99,Railroad Retirement Board,12,48,72,94,0,13,22,68,85,106
724-24,,,,36,50,81-99,Railroad Retirement Board,,,,,,,,,,
724-26,,,,36,50,81-99,Railroad Retirement Board,56,49,73,93,-7,15,25,68,88,111
724-28,,,,51,111,20-84,Railroad Retirement Board,120,36,76,98,-11,15,26,59,91,110
724-35,,,,,,,,1,43,43,43,69,69,69,112,112,112
724-36,,,,,,,,1,1,1,1,112,112,112,113,113,113
724-44,,,,,,,,1,1,1,1,112,112,112,113,113,113
724-81,,,,,,,,1,,,,112,112,112,112,112,112
724-88,,,,,,,,1,1,1,1,111,111,111,112,112,112
724-93,,,,,,,,1,1,1,1,112,112,112,113,113,113
724-96,,,,,,,,1,1,1,1,112,112,112,113,113,113
725-01,,51,63,36,50,81-99,Railroad Retirement Board,2255,1,71,102,-29,18,39,30,90,113
725-03,,51,63,36,50,81-99,Railroad Retirement Board,1161,30,71,102,-18,21,41,48,92,113
725-05,,51,63,36,50,81-99,Railroad Retirement Board,1210,31,73,105,-24,14,33,46,87,113
725-07,,51,63,36,50,81-99,Railroad Retirement Board,2404,23,71,102,-41,19,46,46,90,113
725-09,,51,63,36,50,81-99,Railroad Retirement Board,1285,31,71,105,-33,19,39,45,90,113
725-10,,51,63,36,50,81-99,Railroad Retirement Board,2032,23,71,105,-27,19,38,53,91,113
725-12,,51,63,36,50,81-99,Railroad Retirement Board,1567,25,70,102,-23,19,42,53,90,113
725-13,,,,,,,,1,1,1,1,112,112,112,113,113,113
725-14,,51,63,36,50,81-99,Railroad Retirement Board,2305,27,70,103,-26,20,40,46,91,113
725-16,,51,63,36,50,81-99,Railroad Retirement Board,1786,21,71,102,-50,20,42,0,91,113
725-18,,51,63,51,111,20-84,Railroad Retirement Board,4,67,74,82,6,21,26,75,95,108
725-21,,,,,,,,1,,,,111,111,111,111,111,111
725-22,,,,,,,,1,,,,112,112,112,112,112,112
725-26,,,,,,,,1,,,,112,112,112,112,112,112
725-28,,,,,,,,1,1,1,1,111,111,111,112,112,112
725-34,,,,,,,,1,,,,111,111,111,111,111,111
725-37,,,,,,,,1,,,,111,111,111,111,111,111
725-49,,,,,,,,1,,,,111,111,111,111,111,111
725-55,,,,,,,,1,1,1,1,112,112,112,113,113,113
725-60,,,,,,,,1,1,1,1,111,111,111,112,112,112
725-63,,,,,,,,1,,,,111,111,111,111,111,111
725-77,,,,,,,,1,1,1,1,112,112,112,113,113,113
725-79,,,,,,,,2,,,1,111,111,112,112,112,112
725-92,,,,,,,,2,,,1,111,111,111,111,111,112
725-95,,,,,,,,1,,,,112,112,112,112,112,112
725-99,,,,,,,,1,,,,113,113,113,113,113,113
726-01,,51,63,36,50,81-99,Railroad Retirement Board,37,49,75,90,-19,17,27,66,92,112
726-03,,51,63,36,50,81-99,Railroad Retirement Board,117,30,69,94,-16,21,41,64,91,112
726-05,,51,63,36,50,81-99,Railroad Retirement Board,1511,24,73,105,-30,17,41,45,90,113
726-06,,,,,,,,1,,,,111,111,111,111,111,111
726-07,,51,63,36,50,81-99,Railroad Retirement Board,1322,31,71,106,-48,21,42,52,92,113
726-09,,51,63,36,50,81-99,Railroad Retirement Board,1127,29,69,108,-21,23,42,53,92,113
726-10,,51,63,36,50,81-99,Railroad Retirement Board,1130,20,70,100,-28,22,39,53,92,113
726-12,,,,36,50,81-99,Railroad Retirement Board,872,23,72,107,-20,18,35,49,90,113
726-14,,,,36,50,81-99,Railroad Retirement Board,1311,22,70,104,-31,21,42,47,92,113
726-16,,,,36,50,81-99,Railroad Retirement Board,1152,24,71,104,-21,20,45,53,91,113
726-18,,,,51,111,20-84,Railroad Retirement Board,983,25,69,99,-21,24,41,50,93,113
726-19,,,,,,,,1,2,2,2,110,110,110,112,112,112
726-23,,,,,,,,2,1,1,2,111,111,112,113,113,113
726-25,,,,,,,,1,,,,113,113,113,113,113,113
726-41,,,,,,,,1,2,2,2,111,111,111,113,113,113
726-47,,,,,,,,1,,,,111,111,111,111,111,111
726-48,,,,,,,,1,,,,112,112,112,112,112,112
726-50,,,,,,,,1,1,1,1,111,111,111,112,112,112
726-55,,,,,,,,1,1,1,1,111,111,111,112,112,112
726-75,,,,,,,,1,,,,112,112,112,112,112,112
726-76,,,,,,,,1,1,1,1,111,111,111,112,112,112
726-98,,,,,,,,2,1,24,47,65,88,111,112,112,112
727-01,,51,63,36,50,81-99,Railroad Retirement Board,1256,25,72,104,-29,18,32,46,91,113
727-03,,51,63,36,50,81-99,Railroad Retirement Board,827,23,71,98,-17,19,28,46,91,113
727-05,,51,63,36,50,81-99,Railroad Retirement Board,657,33,72,100,-19,19,30,48,91,113
727-06,,,,,,,,1,,,,112,112,112,112,112,112
727-07,,51,63,36,50,81-99,Railroad Retirement Board,573,33,71,105,-24,18,35,54,89,113
727-09,,51,63,36,50,81-99,Railroad Retirement Board,985,27,70,102,-23,20,34,50,91,113
727-10,,51,63,51,111,20-84,Railroad Retirement Board,4,69,80,93,2,17,32,73,97,112
727-12,Railroad Retirement,,,,,,,1,,,,112,112,112,112,112,112
727-13,,,,,,,,1,,,,112,112,112,112,112,112
727-14,Railroad Retirement,,,,,,,,,,,,,,,,
727-18,,,,,,,,1,,,,112,112,112,112,112,112
727-19,,,,,,,,1,,,,112,112,112,112,112,112
727-21,,,,,,,,1,1,1,1,111,111,111,112,112,112
727-28,,,,,,,,1,,,,112,112,112,112,112,112
727-37,,,,,,,,2,,,,112,112,112,112,112,112
727-46,,,,,,,,1,,,,111,111,111,111,111,111
727-62,,,,,,,,1,,,,112,112,112,112,112,112
727-73,,,,,,,,2,,,,111,111,111,111,111,111
727-80,,,,,,,,1,1,1,1,111,111,111,112,112,112
727-84,,,,,,,,1,,,,112,112,112,112,112,112
727-85,,,,,,,,1,97,97,97,15,15,15,112,112,112
727-93,,,,,,,,2,,1,2,111,111,111,111,112,113
727-98,,,,,,,,1,79,79,79,33,33,33,112,112,112
728-01,,51,52,36,50,81-99,Railroad Retirement Board,1809,22,69,113,-27,22,39,47,91,113
728-02,Railroad Retirement,,,,,,,,,,,,,,,,
728-03,,51,52,36,50,81-99,Railroad Retirement Board,1227,23,69,101,-22,23,42,57,92,113
728-04,Railroad Retirement,,,,,,,,,,,,,,,,
728-05,,51,52,36,50,81-99,Railroad Retirement Board,1337,28,70,99,-27,21,39,52,91,113
728-06,Railroad Retirement,,,,,,,,,,,,,,,,
728-07,,51,52,36,50,81-99,Railroad Retirement Board,1471,26,68,102,-28,23,43,54,92,113
728-08,Railroad Retirement,,,,,,,,,,,,,,,,
728-09,,51,52,51,52,79-84,Railroad Retirement Board,1348,24,69,106,-27,22,38,54,92,113
728-10,,53,55,53,?,70-82,Railroad Retirement Board,1016,29,69,99,-30,22,40,54,92,113
728-11,Railroad Retirement,,,,,,,,,,,,,,,,
728-12,,53,55,53,55,76-82,Railroad Retirement Board,1059,28,69,103,-24,23,40,56,93,113
728-13,Railroad Retirement,,,,,,,,,,,,,,,,
728-14,,56,63,56,111,20-79,Railroad Retirement Board,351,29,68,98,-10,27,43,62,96,113
728-15,Railroad Retirement,,,,,,,1,,,,112,112,112,112,112,112
728-16,Railroad Retirement,,,,,,,,,,,,,,,,
728-17,Railroad Retirement,,,,,,,,,,,,,,,,
728-18,Railroad Retirement,,,,,,,,,,,,,,,,
728-19,Railroad Retirement,,,,,,,,,,,,,,,,
728-20,Railroad Retirement,,,,,,,1,,,,112,112,112,112,112,112
728-21,Railroad Retirement,,,,,,,1,,,,113,113,113,113,113,113
728-22,Railroad Retirement,,,,,,,1,1,1,1,112,112,112,113,113,113
728-23,Railroad Retirement,,,,,,,,,,,,,,,,
728-24,Railroad Retirement,,,,,,,,,,,,,,,,
728-25,Railroad Retirement,,,,,,,,,,,,,,,,
728-26,Railroad Retirement,,,,,,,,,,,,,,,,
728-27,Railroad Retirement,,,,,,,,,,,,,,,,
728-28,Railroad Retirement,,,,,,,,,,,,,,,,
728-29,Railroad Retirement,,,,,,,,,,,,,,,,
728-30,Railroad Retirement,,,,,,,,,,,,,,,,
728-31,Railroad Retirement,,,,,,,,,,,,,,,,
728-32,Railroad Retirement,,,,,,,,,,,,,,,,
728-33,Railroad Retirement,,,,,,,,,,,,,,,,
728-34,Railroad Retirement,,,,,,,,,,,,,,,,
728-35,Railroad Retirement,,,,,,,,,,,,,,,,
728-36,Railroad Retirement,,,,,,,,,,,,,,,,
728-37,Railroad Retirement,,,,,,,1,1,1,1,112,112,112,113,113,113
728-38,Railroad Retirement,,,,,,,,,,,,,,,,
728-39,Railroad Retirement,,,,,,,,,,,,,,,,
728-40,Railroad Retirement,,,,,,,,,,,,,,,,
728-41,Railroad Retirement,,,,,,,,,,,,,,,,
728-42,Railroad Retirement,,,,,,,,,,,,,,,,
728-43,Railroad Retirement,,,,,,,,,,,,,,,,
728-44,Railroad Retirement,,,,,,,,,,,,,,,,
728-45,Railroad Retirement,,,,,,,,,,,,,,,,
728-46,Railroad Retirement,,,,,,,,,,,,,,,,
728-47,Railroad Retirement,,,,,,,,,,,,,,,,
728-48,Railroad Retirement,,,,,,,,,,,,,,,,
728-49,Railroad Retirement,,,,,,,,,,,,,,,,
728-50,Railroad Retirement,,,,,,,,,,,,,,,,
728-51,Railroad Retirement,,,,,,,,,,,,,,,,
728-52,Railroad Retirement,,,,,,,,,,,,,,,,
728-53,Railroad Retirement,,,,,,,,,,,,,,,,
728-54,Railroad Retirement,,,,,,,1,,,,112,112,112,112,112,112
728-55,Railroad Retirement,,,,,,,,,,,,,,,,
728-56,Railroad Retirement,,,,,,,1,,,,112,112,112,112,112,112
728-57,Railroad Retirement,,,,,,,,,,,,,,,,
728-58,Railroad Retirement,,,,,,,,,,,,,,,,
728-59,Railroad Retirement,,,,,,,1,,,,112,112,112,112,112,112
728-60,Railroad Retirement,,,,,,,,,,,,,,,,
728-61,Railroad Retirement,,,,,,,,,,,,,,,,
728-62,Railroad Retirement,,,,,,,,,,,,,,,,
728-63,Railroad Retirement,,,,,,,1,1,1,1,112,112,112,113,113,113
728-64,Railroad Retirement,,,,,,,,,,,,,,,,
728-65,Railroad Retirement,,,,,,,,,,,,,,,,
728-66,Railroad Retirement,,,,,,,1,1,1,1,112,112,112,113,113,113
728-67,Railroad Retirement,,,,,,,,,,,,,,,,
728-68,Railroad Retirement,,,,,,,,,,,,,,,,
728-69,Railroad Retirement,,,,,,,,,,,,,,,,
728-70,Railroad Retirement,,,,,,,1,,,,112,112,112,112,112,112
728-71,Railroad Retirement,,,,,,,1,,,,112,112,112,112,112,112
728-72,Railroad Retirement,,,,,,,1,,,,112,112,112,112,112,112
728-73,Railroad Retirement,,,,,,,,,,,,,,,,
728-74,Railroad Retirement,,,,,,,1,,,,111,111,111,111,111,111
728-75,Railroad Retirement,,,,,,,,,,,,,,,,
728-76,Railroad Retirement,,,,,,,,,,,,,,,,
728-77,Railroad Retirement,,,,,,,,,,,,,,,,
728-78,Railroad Retirement,,,,,,,,,,,,,,,,
728-79,Railroad Retirement,,,,,,,1,,,,112,112,112,112,112,112
728-80,Railroad Retirement,,,,,,,1,,,,112,112,112,112,112,112
728-81,Railroad Retirement,,,,,,,,,,,,,,,,
728-82,Railroad Retirement,,,,,,,,,,,,,,,,
728-83,Railroad Retirement,,,,,,,,,,,,,,,,
728-84,Railroad Retirement,,,,,,,,,,,,,,,,
728-85,Railroad Retirement,,,,,,,,,,,,,,,,
728-86,Railroad Retirement,,,,,,,,,,,,,,,,
728-87,Railroad Retirement,,,,,,,,,,,,,,,,
728-88,Railroad Retirement,,,,,,,,,,,,,,,,
728-89,Railroad Retirement,,,,,,,,,,,,,,,,
728-90,Railroad Retirement,,,,,,,,,,,,,,,,
728-91,Railroad Retirement,,,,,,,,,,,,,,,,
728-92,Railroad Retirement,,,,,,,1,,,,111,111,111,111,111,111
728-93,Railroad Retirement,,,,,,,,,,,,,,,,
728-94,Railroad Retirement,,,,,,,1,,,,112,112,112,112,112,112
728-95,Railroad Retirement,,,,,,,,,,,,,,,,
728-96,Railroad Retirement,,,,,,,,,,,,,,,,
728-97,Railroad Retirement,,,,,,,,,,,,,,,,
728-98,Railroad Retirement,,,,,,,,,,,,,,,,
728-99,Railroad Retirement,,,,,,,,,,,,,,,,
729-01,,,,103,104,15-16,Enumeration at Entry,113,,68,96,16,39,84,53,107,113
729-03,,,,104,105,14-15,Enumeration at Entry,67,28,68,93,13,40,82,101,108,113
729-05,,,,105,?,6-14,Enumeration at Entry,52,23,62,102,7,46,84,105,108,113
729-07,,,,105,106,13-14,Enumeration at Entry,42,21,66,88,23,42,85,106,109,113
729-09,,,,106,107,12-13,Enumeration at Entry,34,21,66,88,24,43,87,106,110,113
729-10,,,,107,?,4-12,Enumeration at Entry,19,26,67,93,18,42,83,107,109,113
729-12,,,,107,108,11-12,Enumeration at Entry,24,30,62,94,16,47,81,107,110,113
729-14,,,,108,?,3-11,Enumeration at Entry,19,23,67,98,13,42,88,108,110,113
729-15,,,,,,,,1,,,,112,112,112,112,112,112
729-16,,,,108,109,10-11,Enumeration at Entry,16,25,63,88,22,46,84,109,110,113
729-18,,,,109,?,2-10,Enumeration at Entry,17,37,65,93,20,44,74,109,110,113
729-20,,,,109,110,9-10,Enumeration at Entry,8,45,57,90,19,53,65,109,111,113
729-22,,,,110,?,1-9,Enumeration at Entry,8,40,61,82,30,49,72,110,111,112
729-24,,,,110,?,1-9,Enumeration at Entry,4,38,62,77,35,49,72,110,111,112
729-26,,,,110,111,8-9,Enumeration at Entry,4,13,55,77,35,56,98,111,111,112
729-28,,,,111,?,1-8,Enumeration at Entry,4,37,52,66,47,60,76,112,112,113
729-32,,,,,,,,1,,,,112,112,112,112,112,112
729-41,,,,,,,,1,,,,111,111,111,111,111,111
729-48,,,,,,,,1,2,2,2,111,111,111,113,113,113
729-52,,,,,,,,1,,,,111,111,111,111,111,111
729-58,,,,,,,,1,,,,111,111,111,111,111,111
729-60,,,,,,,,1,,,,111,111,111,111,111,111
729-64,,,,,,,,1,,,,112,112,112,112,112,112
729-82,,,,,,,,1,,,,112,112,112,112,112,112
729-89,,,,,,,,1,,,,112,112,112,112,112,112
729-91,,,,,,,,1,,,,112,112,112,112,112,112
729-95,,,,,,,,1,,,,111,111,111,111,111,111
729-97,,,,,,,,1,1,1,1,112,112,112,113,113,113
730-01,,,,103,104,15-16,Enumeration at Entry,89,22,68,95,15,39,85,103,108,113
730-03,,,,104,105,14-15,Enumeration at Entry,72,26,65,91,16,42,84,104,108,113
730-05,,,,105,106,13-14,Enumeration at Entry,62,29,67,92,18,42,83,105,109,113
730-07,,,,106,?,5-13,Enumeration at Entry,59,22,69,91,16,39,87,106,109,113
730-08,,,,,,,,1,1,1,1,112,112,112,113,113,113
730-09,,,,106,107,12-13,Enumeration at Entry,45,26,67,94,17,42,83,106,109,113
730-10,,,,107,?,4-12,Enumeration at Entry,23,24,66,89,21,43,89,107,109,113
730-12,,,,107,108,11-12,Enumeration at Entry,19,34,70,92,20,39,77,107,109,113
730-14,,,,108,?,3-11,Enumeration at Entry,20,33,62,90,20,48,80,108,110,113
730-16,,,,108,109,10-11,Enumeration at Entry,19,27,60,86,25,51,86,109,111,113
730-18,,,,109,?,2-10,Enumeration at Entry,15,44,67,92,18,43,66,109,111,113
730-20,,,,109,110,9-10,Enumeration at Entry,13,26,66,90,23,45,85,110,112,113
730-22,,,,110,?,1-9,Enumeration at Entry,11,49,65,85,27,46,61,110,111,112
730-24,,,,110,?,1-9,Enumeration at Entry,4,49,60,67,44,51,64,111,112,113
730-25,,,,,,,,1,,,,112,112,112,112,112,112
730-26,,,,110,111,8-9,Enumeration at Entry,2,9,42,75,38,70,102,111,112,113
730-27,,,,,,,,1,,,,111,111,111,111,111,111
730-28,,,,111,?,1-8,Enumeration at Entry,5,38,60,75,37,50,73,111,111,112
730-41,,,,,,,,1,,,,111,111,111,111,111,111
730-43,,,,,,,,1,,,,111,111,111,111,111,111
730-49,,,,,,,,1,1,1,1,112,112,112,113,113,113
730-53,,,,,,,,1,,,,112,112,112,112,112,112
730-67,,,,,,,,1,1,1,1,111,111,111,112,112,112
730-68,,,,,,,,1,,,,113,113,113,113,113,113
730-81,,,,,,,,1,,,,112,112,112,112,112,112
730-85,,,,,,,,1,64,64,64,48,48,48,112,112,112
730-86,,,,,,,,1,,,,113,113,113,113,113,113
730-88,,,,,,,,1,,,,112,112,112,112,112,112
730-91,,,,,,,,1,1,1,1,112,112,112,113,113,113
730-97,,,,,,,,1,,,,112,112,112,112,112,112
731-01,,,,103,104,15-16,Enumeration at Entry,90,30,69,92,14,38,75,103,108,113
731-02,,,,,,,,1,,,,112,112,112,112,112,112
731-03,,,,104,105,14-15,Enumeration at Entry,77,21,64,94,14,43,85,104,108,113
731-05,,,,105,106,13-14,Enumeration at Entry,59,27,68,92,17,39,84,105,108,112
731-07,,,,106,107,12-13,Enumeration at Entry,40,30,66,89,18,42,81,106,109,113
731-08,,,,,,,,1,,,,111,111,111,111,111,111
731-09,,,,107,?,4-12,Enumeration at Entry,37,24,64,90,19,44,84,107,109,113
731-10,,,,107,108,11-12,Enumeration at Entry,20,19,64,83,28,45,89,107,110,113
731-12,,,,108,?,3-11,Enumeration at Entry,20,30,68,87,22,41,80,108,110,113
731-14,,,,108,?,3-11,Enumeration at Entry,15,34,64,92,20,45,78,108,110,112
731-16,,,,108,109,10-11,Enumeration at Entry,21,47,74,88,23,36,65,109,110,113
731-18,,,,109,?,2-10,Enumeration at Entry,13,33,56,79,32,54,78,109,111,113
731-20,,,,109,110,9-10,Enumeration at Entry,7,43,66,101,12,46,69,111,112,113
731-22,,,,110,?,1-9,Enumeration at Entry,4,51,69,91,21,41,61,110,111,112
731-24,,,,110,?,1-9,Enumeration at Entry,6,51,65,79,32,46,61,111,111,112
731-26,,,,110,111,8-9,Enumeration at Entry,4,40,67,82,31,45,73,112,112,113
731-27,,,,,,,,1,,,,112,112,112,112,112,112
731-28,,,,111,?,1-8,Enumeration at Entry,7,56,72,83,29,38,56,111,111,112
731-35,,,,,,,,1,,,,111,111,111,111,111,111
731-46,,,,,,,,1,65,65,65,47,47,47,112,112,112
731-48,,,,,,,,1,,,,112,112,112,112,112,112
731-50,,,,,,,,1,,,,112,112,112,112,112,112
731-54,,,,,,,,1,,,,112,112,112,112,112,112
731-72,,,,,,,,1,,,,112,112,112,112,112,112
731-92,,,,,,,,1,,,,112,112,112,112,112,112
731-98,,,,,,,,1,,,,112,112,112,112,112,112
732-01,,,,103,104,15-16,Enumeration at Entry,76,20,66,98,13,41,85,104,108,113
732-03,,,,104,105,14-15,Enumeration at Entry,68,23,63,95,14,45,85,105,108,113
732-05,,,,105,106,13-14,Enumeration at Entry,52,36,71,98,12,37,74,105,108,113
732-07,,,,106,107,12-13,Enumeration at Entry,31,27,69,86,23,39,86,106,109,113
732-09,,,,107,?,4-12,Enumeration at Entry,35,24,64,90,17,44,83,107,109,113
732-10,,,,107,108,11-12,Enumeration at Entry,25,21,64,90,21,45,87,108,110,113
732-12,,,,108,?,3-11,Enumeration at Entry,17,21,59,90,23,51,88,108,110,113
732-14,,,,108,109,10-11,Enumeration at Entry,22,39,67,97,14,43,72,108,110,113
732-16,,,,109,?,2-10,Enumeration at Entry,17,24,61,83,29,49,86,109,111,113
732-18,,,,109,110,9-10,Enumeration at Entry,14,26,65,78,33,45,85,110,110,113
732-20,,,,110,?,1-9,Enumeration at Entry,10,57,67,78,32,43,54,110,111,113
732-22,,,,110,?,1-9,Enumeration at Entry,6,49,63,78,32,46,61,110,110,112
732-24,,,,110,111,8-9,Enumeration at Entry,2,32,42,52,60,70,80,112,112,112
732-26,,,,111,?,1-8,Enumeration at Entry,5,29,62,81,30,49,82,111,111,113
732-28,,,,111,?,1-8,Enumeration at Entry,1,41,41,41,71,71,71,112,112,112
732-31,,,,,,,,2,1,1,1,112,112,112,113,113,113
732-34,,,,,,,,1,,,,112,112,112,112,112,112
732-40,,,,,,,,1,,,,111,111,111,111,111,111
732-49,,,,,,,,1,1,1,1,112,112,112,113,113,113
732-60,,,,,,,,1,,,,112,112,112,112,112,112
732-63,,,,,,,,1,,,,112,112,112,112,112,112
732-68,,,,,,,,1,1,1,1,112,112,112,113,113,113
732-70,,,,,,,,1,,,,112,112,112,112,112,112
732-78,,,,,,,,1,,,,111,111,111,111,111,111
732-83,,,,,,,,2,,,,111,111,112,111,111,112
732-93,,,,,,,,1,65,65,65,48,48,48,113,113,113
732-98,,,,,,,,1,1,1,1,111,111,111,112,112,112
733-01,,,,104,?,7-15,Enumeration at Entry,79,21,69,98,13,38,84,101,108,113
733-03,,,,104,105,14-15,Enumeration at Entry,68,26,65,91,19,43,86,105,108,113
733-05,,,,105,106,13-14,Enumeration at Entry,48,46,71,92,15,38,62,106,109,113
733-07,,,,106,107,12-13,Enumeration at Entry,34,29,68,97,15,41,81,106,109,113
733-09,,,,107,?,4-12,Enumeration at Entry,27,,57,84,20,48,88,20,106,112
733-10,,,,107,108,11-12,Enumeration at Entry,31,23,62,88,21,47,88,107,110,113
733-12,,,,108,?,3-11,Enumeration at Entry,21,48,67,87,23,43,63,108,110,112
733-14,,,,108,109,10-11,Enumeration at Entry,20,37,68,93,16,42,74,108,110,113
733-16,,,,109,?,2-10,Enumeration at Entry,11,24,47,79,32,63,88,109,110,112
733-18,,,,109,110,9-10,Enumeration at Entry,7,17,55,84,28,56,96,109,112,113
733-19,,,,,,,,1,71,71,71,41,41,41,112,112,112
733-20,,,,110,?,1-9,Enumeration at Entry,9,60,67,76,36,44,51,110,111,113
733-21,,,,,,,,1,1,1,1,111,111,111,112,112,112
733-22,,,,110,?,1-9,Enumeration at Entry,10,18,56,77,35,55,94,111,111,113
733-24,,,,110,111,8-9,Enumeration at Entry,3,31,53,66,46,58,82,111,112,113
733-25,,,,,,,,1,2,2,2,111,111,111,113,113,113
733-26,,,,111,?,1-8,Enumeration at Entry,3,22,54,70,42,58,90,112,112,112
733-27,,,,,,,,1,,,,111,111,111,111,111,111
733-30,,,,,,,,2,,,,112,112,113,112,112,113
733-37,,,,,,,,1,1,1,1,111,111,111,112,112,112
733-43,,,,,,,,1,,,,111,111,111,111,111,111
733-48,,,,,,,,1,1,1,1,111,111,111,112,112,112
733-49,,,,,,,,1,,,,112,112,112,112,112,112
733-64,,,,,,,,1,,,,111,111,111,111,111,111
733-66,,,,,,,,2,,,,112,112,113,112,112,113
733-68,,,,,,,,1,,,,111,111,111,111,111,111
733-69,,,,,,,,1,,,,111,111,111,111,111,111
733-70,,,,,,,,1,,,,111,111,111,111,111,111
733-71,,,,,,,,1,,,,111,111,111,111,111,111
733-95,,,,,,,,1,,,,111,111,111,111,111,111
733-99,,,,,,,,1,1,1,1,111,111,111,112,112,112
734-09,,,,,,,,1,,,,112,112,112,112,112,112
734-16,,,,,,,,1,1,1,1,111,111,111,112,112,112
734-27,,,,,,,,1,1,1,1,111,111,111,112,112,112
734-44,,,,,,,,1,,,,111,111,111,111,111,111
734-48,,,,,,,,1,1,1,1,111,111,111,112,112,112
734-49,,,,,,,,1,,,,111,111,111,111,111,111
734-60,,,,,,,,1,,,,112,112,112,112,112,112
734-61,,,,,,,,1,1,1,1,111,111,111,112,112,112
734-62,,,,,,,,1,1,1,1,112,112,112,113,113,113
734-68,,,,,,,,1,,,,111,111,111,111,111,111
734-73,,,,,,,,1,,,,112,112,112,112,112,112
734-78,,,,,,,,1,,,,112,112,112,112,112,112
734-83,,,,,,,,1,,,,113,113,113,113,113,113
734-92,,,,,,,,1,,,,111,111,111,111,111,111
735-03,,,,,,,,2,,,1,112,112,112,112,112,113
735-14,,,,,,,,1,1,1,1,111,111,111,112,112,112
735-15,,,,,,,,1,95,95,95,18,18,18,113,113,113
735-29,,,,,,,,1,2,2,2,111,111,111,113,113,113
735-30,,,,,,,,1,,,,112,112,112,112,112,112
735-31,,,,,,,,1,,,,111,111,111,111,111,111
735-50,,,,,,,,1,1,1,1,111,111,111,112,112,112
735-66,,,,,,,,1,1,1,1,112,112,112,113,113,113
735-69,,,,,,,,1,1,1,1,112,112,112,113,113,113
735-74,,,,,,,,1,,,,111,111,111,111,111,111
735-81,,,,,,,,1,,,,112,112,112,112,112,112
735-82,,,,,,,,1,,,,112,112,112,112,112,112
735-88,,,,,,,,1,,,,112,112,112,112,112,112
735-96,,,,,,,,1,,,,112,112,112,112,112,112
736-26,,,,,,,,1,,,,112,112,112,112,112,112
736-32,,,,,,,,1,,,,112,112,112,112,112,112
736-38,,,,,,,,1,1,1,1,112,112,112,113,113,113
736-48,,,,,,,,1,,,,112,112,112,112,112,112
736-49,,,,,,,,1,,,,111,111,111,111,111,111
736-73,,,,,,,,1,,,,111,111,111,111,111,111
736-78,,,,,,,,1,82,82,82,30,30,30,112,112,112
736-82,,,,,,,,1,,,,112,112,112,112,112,112
736-95,,,,,,,,1,1,1,1,111,111,111,112,112,112
736-96,,,,,,,,1,1,1,1,112,112,112,113,113,113
737-07,,,,,,,,1,66,66,66,46,46,46,112,112,112
737-14,,,,,,,,1,1,1,1,111,111,111,112,112,112
737-26,,,,,,,,1,,,,111,111,111,111,111,111
737-33,,,,,,,,1,1,1,1,112,112,112,113,113,113
737-34,,,,,,,,1,1,1,1,111,111,111,112,112,112
737-35,,,,,,,,1,,,,112,112,112,112,112,112
737-36,,,,,,,,1,,,,112,112,112,112,112,112
737-50,,,,,,,,1,2,2,2,111,111,111,113,113,113
737-53,,,,,,,,1,,,,112,112,112,112,112,112
737-57,,,,,,,,1,2,2,2,111,111,111,113,113,113
737-58,,,,,,,,2,,,1,111,111,112,112,112,112
737-66,,,,,,,,2,,,1,111,111,112,112,112,112
737-73,,,,,,,,1,,,,111,111,111,111,111,111
737-77,,,,,,,,1,1,1,1,111,111,111,112,112,112
737-88,,,,,,,,1,75,75,75,38,38,38,113,113,113
737-92,,,,,,,,1,,,,111,111,111,111,111,111
737-98,,,,,,,,2,,,,111,111,112,111,111,112
738-09,,,,,,,,1,1,1,1,111,111,111,112,112,112
738-11,,,,,,,,1,1,1,1,111,111,111,112,112,112
738-16,,,,,,,,1,1,1,1,111,111,111,112,112,112
738-17,,,,,,,,1,,,,112,112,112,112,112,112
738-18,,,,,,,,1,1,1,1,111,111,111,112,112,112
738-32,,,,,,,,1,1,1,1,112,112,112,113,113,113
738-37,,,,,,,,1,1,1,1,112,112,112,113,113,113
738-43,,,,,,,,1,,,,113,113,113,113,113,113
738-44,,,,,,,,2,,,,112,112,113,112,112,113
738-53,,,,,,,,1,,,,112,112,112,112,112,112
738-54,,,,,,,,1,,,,111,111,111,111,111,111
738-66,,,,,,,,1,1,1,1,111,111,111,112,112,112
738-68,,,,,,,,1,,,,111,111,111,111,111,111
738-78,,,,,,,,1,1,1,1,111,111,111,112,112,112
738-82,,,,,,,,1,,,,111,111,111,111,111,111
738-83,,,,,,,,1,,,,112,112,112,112,112,112
738-85,,,,,,,,1,,,,112,112,112,112,112,112
738-89,,,,,,,,1,,,,112,112,112,112,112,112
738-91,,,,,,,,1,1,1,1,111,111,111,112,112,112
738-98,,,,,,,,2,,,1,112,112,112,112,112,113
738-99,,,,,,,,1,1,1,1,112,112,112,113,113,113
739-06,,,,,,,,1,,,,113,113,113,113,113,113
739-10,,,,,,,,1,2,2,2,111,111,111,113,113,113
739-11,,,,,,,,1,,,,112,112,112,112,112,112
739-14,,,,,,,,1,,,,113,113,113,113,113,113
739-18,,,,,,,,1,,,,113,113,113,113,113,113
739-22,,,,,,,,1,,,,111,111,111,111,111,111
739-31,,,,,,,,1,1,1,1,111,111,111,112,112,112
739-37,,,,,,,,1,,,,113,113,113,113,113,113
739-41,,,,,,,,1,,,,113,113,113,113,113,113
739-48,,,,,,,,1,1,1,1,111,111,111,112,112,112
739-50,,,,,,,,1,,,,111,111,111,111,111,111
739-51,,,,,,,,1,,,,111,111,111,111,111,111
739-68,,,,,,,,1,1,1,1,111,111,111,112,112,112
739-78,,,,,,,,1,1,1,1,112,112,112,113,113,113
739-98,,,,,,,,1,,,,112,112,112,112,112,112
740-02,,,,,,,,1,,,,112,112,112,112,112,112
740-29,,,,,,,,2,,,1,112,112,112,112,112,113
740-36,,,,,,,,1,,,,112,112,112,112,112,112
740-51,,,,,,,,1,,,,112,112,112,112,112,112
740-53,,,,,,,,1,1,1,1,112,112,112,113,113,113
740-56,,,,,,,,1,,,,111,111,111,111,111,111
740-61,,,,,,,,1,,,,113,113,113,113,113,113
740-73,,,,,,,,1,1,1,1,112,112,112,113,113,113
740-80,,,,,,,,1,2,2,2,111,111,111,113,113,113
740-81,,,,,,,,1,1,1,1,111,111,111,112,112,112
740-82,,,,,,,,1,1,1,1,112,112,112,113,113,113
740-87,,,,,,,,1,67,67,67,45,45,45,112,112,112
741-12,,,,,,,,1,,,,113,113,113,113,113,113
741-15,,,,,,,,1,1,1,1,111,111,111,112,112,112
741-28,,,,,,,,1,,,,112,112,112,112,112,112
741-33,,,,,,,,1,1,1,1,112,112,112,113,113,113
741-35,,,,,,,,1,1,1,1,111,111,111,112,112,112
741-37,,,,,,,,1,1,1,1,111,111,111,112,112,112
741-53,,,,,,,,1,,,,113,113,113,113,113,113
741-70,,,,,,,,1,,,,111,111,111,111,111,111
741-71,,,,,,,,1,,,,112,112,112,112,112,112
741-79,,,,,,,,1,1,1,1,111,111,111,112,112,112
741-86,,,,,,,,1,87,87,87,25,25,25,112,112,112
741-94,,,,,,,,1,1,1,1,112,112,112,113,113,113
741-97,,,,,,,,1,,,,113,113,113,113,113,113
742-04,,,,,,,,1,,,,112,112,112,112,112,112
742-14,,,,,,,,1,1,1,1,112,112,112,113,113,113
742-27,,,,,,,,2,,,,112,112,112,112,112,112
742-31,,,,,,,,1,1,1,1,112,112,112,113,113,113
742-36,,,,,,,,1,,,,112,112,112,112,112,112
742-42,,,,,,,,3,,,1,112,112,112,112,112,113
742-44,,,,,,,,1,,,,111,111,111,111,111,111
742-46,,,,,,,,1,,,,111,111,111,111,111,111
742-57,,,,,,,,1,,,,112,112,112,112,112,112
742-68,,,,,,,,1,,,,112,112,112,112,112,112
742-70,,,,,,,,1,1,1,1,111,111,111,112,112,112
742-83,,,,,,,,1,74,74,74,38,38,38,112,112,112
742-86,,,,,,,,1,,,,111,111,111,111,111,111
742-89,,,,,,,,2,,,,112,112,112,112,112,112
742-91,,,,,,,,3,,25,75,37,86,112,111,111,112
742-97,,,,,,,,1,,,,111,111,111,111,111,111
743-04,,,,,,,,1,,,,111,111,111,111,111,111
743-10,,,,,,,,1,1,1,1,111,111,111,112,112,112
743-11,,,,,,,,1,2,2,2,111,111,111,113,113,113
743-20,,,,,,,,1,1,1,1,111,111,111,112,112,112
743-31,,,,,,,,1,1,1,1,111,111,111,112,112,112
743-37,,,,,,,,1,1,1,1,112,112,112,113,113,113
743-46,,,,,,,,1,1,1,1,112,112,112,113,113,113
743-50,,,,,,,,1,,,,112,112,112,112,112,112
743-51,,,,,,,,1,,,,112,112,112,112,112,112
743-56,,,,,,,,1,,,,112,112,112,112,112,112
743-57,,,,,,,,1,,,,111,111,111,111,111,111
743-67,,,,,,,,1,1,1,1,112,112,112,113,113,113
743-74,,,,,,,,1,78,78,78,35,35,35,113,113,113
743-76,,,,,,,,1,,,,111,111,111,111,111,111
743-84,,,,,,,,1,,,,112,112,112,112,112,112
743-99,,,,,,,,1,71,71,71,42,42,42,113,113,113
744-01,,,,,,,,2,,,,112,112,112,112,112,112
744-02,,,,,,,,1,,,,112,112,112,112,112,112
744-03,,,,,,,,1,1,1,1,111,111,111,112,112,112
744-06,,,,,,,,1,,,,111,111,111,111,111,111
744-12,,,,,,,,1,,,,111,111,111,111,111,111
744-22,,,,,,,,1,2,2,2,111,111,111,113,113,113
744-31,,,,,,,,1,63,63,63,49,49,49,112,112,112
744-32,,,,,,,,1,1,1,1,111,111,111,112,112,112
744-36,,,,,,,,1,,,,112,112,112,112,112,112
744-45,,,,,,,,1,,,,112,112,112,112,112,112
744-48,,,,,,,,1,1,1,1,111,111,111,112,112,112
744-51,,,,,,,,1,1,1,1,112,112,112,113,113,113
744-53,,,,,,,,1,1,1,1,111,111,111,112,112,112
744-78,,,,,,,,1,,,,111,111,111,111,111,111
744-88,,,,,,,,1,1,1,1,111,111,111,112,112,112
744-89,,,,,,,,1,,,,111,111,111,111,111,111
744-99,,,,,,,,1,1,1,1,111,111,111,112,112,112
745-06,,,,,,,,1,,,,111,111,111,111,111,111
745-07,,,,,,,,1,1,1,1,112,112,112,113,113,113
745-11,,,,,,,,2,,31,63,49,80,112,112,112,112
745-23,,,,,,,,1,,,,112,112,112,112,112,112
745-25,,,,,,,,1,1,1,1,111,111,111,112,112,112
745-37,,,,,,,,1,2,2,2,111,111,111,113,113,113
745-44,,,,,,,,1,1,1,1,112,112,112,113,113,113
745-45,,,,,,,,1,1,1,1,111,111,111,112,112,112
745-52,,,,,,,,1,,,,112,112,112,112,112,112
745-55,,,,,,,,1,2,2,2,111,111,111,113,113,113
745-56,,,,,,,,1,39,39,39,74,74,74,113,113,113
745-61,,,,,,,,1,2,2,2,111,111,111,113,113,113
745-62,,,,,,,,1,1,1,1,111,111,111,112,112,112
745-69,,,,,,,,1,62,62,62,50,50,50,112,112,112
745-72,,,,,,,,1,1,1,1,111,111,111,112,112,112
745-73,,,,,,,,1,1,1,1,111,111,111,112,112,112
745-81,,,,,,,,1,,,,112,112,112,112,112,112
745-88,,,,,,,,1,,,,112,112,112,112,112,112
745-97,,,,,,,,1,,,,112,112,112,112,112,112
745-99,,,,,,,,1,,,,112,112,112,112,112,112
746-07,,,,,,,,1,1,1,1,111,111,111,112,112,112
746-16,,,,,,,,1,1,1,1,112,112,112,113,113,113
746-24,,,,,,,,1,1,1,1,112,112,112,113,113,113
746-28,,,,,,,,1,62,62,62,49,49,49,111,111,111
746-32,,,,,,,,1,,,,112,112,112,112,112,112
746-35,,,,,,,,1,1,1,1,111,111,111,112,112,112
746-37,,,,,,,,1,1,1,1,111,111,111,112,112,112
746-42,,,,,,,,1,2,2,2,111,111,111,113,113,113
746-46,,,,,,,,1,55,55,55,58,58,58,113,113,113
746-47,,,,,,,,1,1,1,1,111,111,111,112,112,112
746-53,,,,,,,,1,,,,112,112,112,112,112,112
746-58,,,,,,,,1,,,,112,112,112,112,112,112
746-60,,,,,,,,1,1,1,1,112,112,112,113,113,113
746-62,,,,,,,,1,,,,112,112,112,112,112,112
746-64,,,,,,,,1,1,1,1,112,112,112,113,113,113
747-02,,,,,,,,1,,,,111,111,111,111,111,111
747-04,,,,,,,,1,,,,111,111,111,111,111,111
747-11,,,,,,,,1,,,,111,111,111,111,111,111
747-12,,,,,,,,1,,,,111,111,111,111,111,111
747-20,,,,,,,,1,63,63,63,48,48,48,111,111,111
747-21,,,,,,,,1,1,1,1,112,112,112,113,113,113
747-28,,,,,,,,1,,,,112,112,112,112,112,112
747-38,,,,,,,,1,1,1,1,112,112,112,113,113,113
747-42,,,,,,,,1,,,,113,113,113,113,113,113
747-43,,,,,,,,1,,,,112,112,112,112,112,112
747-45,,,,,,,,1,1,1,1,111,111,111,112,112,112
747-46,,,,,,,,1,,,,113,113,113,113,113,113
747-49,,,,,,,,1,1,1,1,111,111,111,112,112,112
747-58,,,,,,,,1,,,,112,112,112,112,112,112
747-60,,,,,,,,1,,,,112,112,112,112,112,112
747-71,,,,,,,,1,1,1,1,112,112,112,113,113,113
747-90,,,,,,,,1,1,1,1,112,112,112,113,113,113
747-93,,,,,,,,1,,,,112,112,112,112,112,112
747-98,,,,,,,,1,1,1,1,111,111,111,112,112,112
748-02,,,,,,,,1,1,1,1,111,111,111,112,112,112
748-12,,,,,,,,1,,,,112,112,112,112,112,112
748-40,,,,,,,,1,,,,112,112,112,112,112,112
748-41,,,,,,,,1,,,,112,112,112,112,112,112
748-43,,,,,,,,1,1,1,1,112,112,112,113,113,113
748-44,,,,,,,,1,,,,112,112,112,112,112,112
748-47,,,,,,,,1,,,,113,113,113,113,113,113
748-50,,,,,,,,1,,,,111,111,111,111,111,111
748-71,,,,,,,,1,,,,112,112,112,112,112,112
748-84,,,,,,,,1,,,,111,111,111,111,111,111
748-85,,,,,,,,1,,,,113,113,113,113,113,113
748-91,,,,,,,,1,,,,111,111,111,111,111,111
749-05,,,,,,,,2,,,1,111,112,113,112,112,113
749-12,,,,,,,,1,1,1,1,111,111,111,112,112,112
749-14,,,,,,,,1,,,,112,112,112,112,112,112
749-17,,,,,,,,1,,,,111,111,111,111,111,111
749-22,,,,,,,,1,,,,111,111,111,111,111,111
749-28,,,,,,,,1,,,,112,112,112,112,112,112
749-29,,,,,,,,1,,,,113,113,113,113,113,113
749-36,,,,,,,,1,1,1,1,111,111,111,112,112,112
749-48,,,,,,,,2,,,1,111,111,111,111,111,112
749-49,,,,,,,,1,,,,112,112,112,112,112,112
749-57,,,,,,,,1,,,,111,111,111,111,111,111
749-58,,,,,,,,1,,,,111,111,111,111,111,111
749-63,,,,,,,,1,,,,112,112,112,112,112,112
749-66,,,,,,,,1,,,,112,112,112,112,112,112
749-78,,,,,,,,1,,,,111,111,111,111,111,111
749-79,,,,,,,,1,1,1,1,111,111,111,112,112,112
749-90,,,,,,,,2,,,1,111,111,112,112,112,112
749-96,,,,,,,,1,,,,112,112,112,112,112,112
750-01,,,,104,105,14-15,HI,21,,11,57,48,94,104,104,105,113
750-03,,,,105,106,13-14,HI,17,,27,73,38,80,105,105,108,113
750-05,,,,106,?,5-13,HI,7,1,36,84,28,72,105,106,109,112
750-06,,,,,,,,1,75,75,75,38,38,38,113,113,113
750-07,,,,106,107,12-13,HI,7,1,28,72,40,80,106,107,109,112
750-09,,,,107,?,4-12,HI,10,,27,76,33,82,107,107,109,112
750-10,,,,107,108,11-12,HI,8,,18,71,41,91,108,107,109,112
750-12,,,,108,109,10-11,HI,6,,29,79,32,79,108,108,109,112
750-14,,,,109,?,2-10,HI,4,,5,19,92,104,109,109,110,111
750-16,,,,109,110,9-10,HI,2,5,30,56,56,82,108,112,112,113
750-18,,,,110,111,8-9,HI,3,,20,61,51,90,110,110,110,112
750-19,,,,,,,,1,,,,112,112,112,112,112,112
750-20,,,,111,?,1-8,HI,,,,,,,,,,
750-42,,,,,,,,1,1,1,1,112,112,112,113,113,113
750-47,,,,,,,,1,,,,112,112,112,112,112,112
750-52,,,,,,,,1,,,,111,111,111,111,111,111
750-57,,,,,,,,1,,,,112,112,112,112,112,112
750-69,,,,,,,,1,22,22,22,91,91,91,113,113,113
750-70,,,,,,,,1,,,,112,112,112,112,112,112
750-76,,,,,,,,1,1,1,1,111,111,111,112,112,112
750-77,,,,,,,,1,,,,112,112,112,112,112,112
750-83,,,,,,,,1,72,72,72,40,40,40,112,112,112
750-89,,,,,,,,1,,,,112,112,112,112,112,112