651-01,,,,96,?,15-23,CO,67,,36,96,10,66,96,96,102,113
651-03,,,,97,?,14-22,CO,53,,42,92,10,62,97,97,104,113
651-05,,,,97,?,14-22,CO,44,,28,96,10,75,97,97,104,113
651-06,,,,,,,,1,,,,112,112,112,112,112,112
651-07,,,,98,?,13-21,CO,51,,23,92,14,80,98,97,103,112
651-08,,,,,,,,1,,,,112,112,112,112,112,112
651-09,,,,98,99,20-21,CO,38,,21,83,24,82,98,98,103,112
651-10,,,,99,?,12-20,CO,42,,38,103,7,66,99,99,104,113
651-12,,,,99,100,19-20,CO,44,,28,91,11,76,99,99,105,113
651-14,,,,100,?,11-19,CO,32,,26,91,15,77,100,100,103,113
651-16,,,,100,101,18-19,CO,34,,20,85,21,84,100,100,104,113
651-17,,,,,,,,1,,,,111,111,111,111,111,111
651-18,,,,101,?,10-18,CO,32,,37,93,16,68,101,101,106,113
651-19,,,,,,,,1,,,,112,112,112,112,112,112
651-20,,,,101,?,10-18,CO,48,,34,93,15,70,101,101,105,112
651-22,,,,102,?,9-17,CO,34,,22,88,23,83,102,102,105,112
651-24,,,,102,103,16-17,CO,33,,23,101,7,81,102,102,105,113
651-26,,,,103,?,8-16,CO,37,,16,78,28,89,103,102,105,113
651-28,,,,103,?,8-16,CO,34,,25,86,24,80,103,103,106,113
651-30,,,,103,104,15-16,CO,32,,9,85,27,96,104,103,105,113
651-32,,,,104,?,7-15,CO,25,,11,84,23,94,104,104,106,113
651-34,,,,104,105,14-15,CO,19,,6,66,44,99,105,104,106,111
651-36,,,,105,?,6-14,CO,20,,17,97,12,89,105,105,106,111
651-38,,,,105,106,13-14,CO,26,,23,81,26,83,105,105,107,112
651-40,,,,106,?,5-13,CO,20,,16,80,27,90,106,106,107,112
651-42,,,,106,107,12-13,CO,24,,4,83,30,102,106,106,107,113
651-44,,,,107,?,4-12,CO,24,,18,76,35,90,107,107,108,112
651-46,,,,107,108,11-12,CO,25,,9,76,34,98,107,107,108,112
651-47,,,,,,,,1,,,,111,111,111,111,111,111
651-48,,,,108,?,3-11,CO,23,,12,82,27,96,108,108,108,112
651-49,,,,,,,,1,,,,112,112,112,112,112,112
651-50,,,,108,?,3-11,CO,18,,4,27,82,105,108,108,109,113
651-51,,,,,,,,1,,,,113,113,113,113,113,113
651-52,,,,108,109,10-11,CO,16,1,6,76,35,103,108,109,110,112
651-54,,,,109,?,2-10,CO,20,,13,92,18,96,109,109,109,112
651-56,,,,109,110,9-10,CO,20,,3,54,58,106,109,109,110,112
651-57,,,,,,,,1,1,1,1,111,111,111,112,112,112
651-58,,,,110,?,1-9,CO,20,,16,88,24,93,110,108,110,112
651-60,,,,110,111,8-9,CO,17,,11,76,34,99,110,110,110,113
651-62,,,,111,?,1-8,CO,17,,3,65,46,107,111,111,111,112
651-67,,,,,,,,1,1,1,1,111,111,111,112,112,112
651-71,,,,,,,,1,,,,113,113,113,113,113,113
651-74,,,,,,,,1,1,1,1,112,112,112,113,113,113
651-77,,,,,,,,1,1,1,1,112,112,112,113,113,113
651-81,,,,,,,,1,,,,111,111,111,111,111,111
651-87,,,,,,,,1,,,,112,112,112,112,112,112
651-98,,,,,,,,1,,,,113,113,113,113,113,113
652-01,,,,96,?,15-23,CO,59,,28,90,10,75,96,82,104,113
652-03,,,,97,?,14-22,CO,42,,32,89,10,70,97,97,103,112
652-05,,,,97,?,14-22,CO,53,,32,98,10,71,97,97,104,113
652-07,,,,98,?,13-21,CO,46,,29,92,14,75,98,98,104,113
652-09,,,,98,99,20-21,CO,43,,34,96,4,69,99,98,103,113
652-10,,,,99,?,12-20,CO,32,,13,81,31,90,99,99,104,113
652-11,,,,,,,,1,1,1,1,111,111,111,112,112,112
652-12,,,,100,?,11-19,CO,38,,21,92,14,82,100,99,103,112
652-14,,,,100,?,11-19,CO,31,,27,84,23,77,100,100,105,112
652-16,,,,100,101,18-19,CO,27,1,34,87,22,71,100,101,106,112
652-18,,,,101,?,10-18,CO,24,,21,84,26,83,101,101,105,111
652-19,,,,,,,,2,1,1,1,111,111,112,112,112,113
652-20,,,,101,102,17-18,CO,34,,40,99,13,65,101,101,105,113
652-22,,,,102,?,9-17,CO,49,,37,93,10,69,102,102,106,112
652-23,,,,,,,,1,1,1,1,112,112,112,113,113,113
652-24,,,,102,103,16-17,CO,48,,20,88,18,85,102,102,106,113
652-26,,,,103,?,8-16,CO,29,,19,98,13,86,103,103,105,112
652-28,,,,103,104,15-16,CO,25,,15,81,26,89,103,103,104,112
652-30,,,,104,?,7-15,CO,24,,19,83,26,86,104,104,105,112
652-32,,,,104,105,14-15,CO,30,,18,85,24,88,104,104,106,113
652-34,,,,105,?,6-14,CO,16,,20,90,18,86,105,105,107,113
652-36,,,,105,?,6-14,CO,26,,14,86,25,91,105,105,106,111
652-38,,,,105,106,13-14,CO,24,,10,90,19,97,106,105,107,112
652-40,,,,106,?,5-13,CO,29,,10,85,28,96,106,106,107,113
652-42,,,,106,107,12-13,CO,14,,6,74,38,101,106,106,107,113
652-44,,,,107,?,4-12,CO,22,,9,66,41,98,107,107,108,112
652-46,,,,107,108,11-12,CO,23,,15,61,48,93,107,107,108,112
652-47,,,,,,,,1,1,1,1,112,112,112,113,113,113
652-48,,,,108,?,3-11,CO,13,,19,75,33,89,108,108,109,112
652-50,,,,108,109,10-11,CO,13,,5,58,53,103,108,108,109,113
652-52,,,,109,?,2-10,CO,22,,10,97,15,98,109,109,109,112
652-54,,,,109,?,2-10,CO,23,,3,68,43,105,109,109,109,113
652-56,,,,109,110,9-10,CO,19,,22,91,21,88,110,110,110,113
652-58,,,,110,?,1-9,CO,19,,14,85,27,96,110,109,110,113
652-59,,,,,,,,1,,,,112,112,112,112,112,112
652-60,,,,110,111,8-9,CO,12,,3,26,86,107,110,110,111,112
652-62,,,,111,?,1-8,CO,8,,7,59,53,103,111,111,111,112
652-65,,,,,,,,1,,,,112,112,112,112,112,112
652-79,,,,,,,,1,,,,112,112,112,112,112,112
652-87,,,,,,,,1,1,1,1,111,111,111,112,112,112
652-95,,,,,,,,1,,,,112,112,112,112,112,112
653-01,,,,96,?,15-23,CO,69,,44,94,7,59,96,96,104,113
653-03,,,,97,?,14-22,CO,47,,30,90,14,74,97,97,104,113
653-05,,,,98,?,13-21,CO,55,,37,99,6,66,98,98,103,113
653-06,,,,,,,,1,2,2,2,111,111,111,113,113,113
653-07,,,,98,99,20-21,CO,46,,24,86,26,80,98,98,104,113
653-09,,,,99,?,12-20,CO,51,,26,90,16,77,99,98,104,113
653-10,,,,99,?,12-20,CO,41,,35,84,23,69,99,99,104,113
653-12,,,,100,?,11-19,CO,41,,34,105,4,71,100,99,105,113
653-13,,,,,,,,1,1,1,1,111,111,111,112,112,112
653-14,,,,100,101,18-19,CO,38,,32,93,18,72,100,100,104,112
653-16,,,,101,?,10-18,CO,42,,29,95,17,75,101,100,105,113
653-17,,,,,,,,2,,30,61,51,81,112,112,112,112
653-18,,,,101,?,10-18,CO,35,,44,94,12,61,101,100,106,113
653-20,,,,101,102,17-18,CO,30,,15,69,38,89,101,101,104,112
653-22,,,,102,?,9-17,CO,43,,28,92,20,77,102,102,105,113
653-24,,,,102,?,9-17,CO,24,,10,92,13,94,102,102,105,113
653-26,,,,103,?,8-16,CO,36,,27,89,21,79,103,103,106,113
653-28,,,,103,104,15-16,CO,37,,15,80,29,90,103,103,105,111
653-30,,,,104,?,7-15,CO,23,,15,89,22,91,104,104,106,112
653-32,,,,104,105,14-15,CO,28,,7,52,59,99,104,104,106,113
653-33,,,,,,,,1,,,,112,112,112,112,112,112
653-34,,,,105,?,6-14,CO,26,,15,81,27,91,105,105,107,113
653-36,,,,105,106,13-14,CO,16,,36,97,10,72,105,105,108,112
653-38,,,,106,?,5-13,CO,13,,25,84,26,81,106,106,107,110
653-40,,,,106,?,5-13,CO,24,,25,83,25,82,106,106,108,113
653-42,,,,106,107,12-13,CO,18,,6,82,30,102,107,106,108,113
653-44,,,,107,?,4-12,CO,26,,4,59,49,103,107,107,108,112
653-46,,,,107,108,11-12,CO,23,,6,72,38,102,107,107,108,112
653-48,,,,108,?,3-11,CO,31,,11,79,33,97,108,108,109,112
653-50,,,,108,109,10-11,CO,17,,19,82,31,90,108,108,110,113
653-51,,,,,,,,1,1,1,1,112,112,112,113,113,113
653-52,,,,109,?,2-10,CO,24,,12,82,27,97,109,108,109,113
653-54,,,,109,110,9-10,CO,18,,9,74,36,100,109,109,110,113
653-56,,,,110,?,1-9,CO,17,,11,78,34,99,110,110,110,113
653-58,,,,110,111,8-9,CO,18,,3,41,70,106,110,110,110,112
653-60,,,,111,?,1-8,CO,17,,,3,108,110,111,110,111,112
653-69,,,,,,,,1,,,,112,112,112,112,112,112
653-84,,,,,,,,1,1,1,1,112,112,112,113,113,113
653-96,,,,,,,,1,25,25,25,88,88,88,113,113,113
654-01,,,,97,?,14-22,SC,30,,8,69,33,93,97,97,101,113
654-03,,,,97,98,21-22,SC,27,,21,91,14,79,97,97,100,112
654-05,,,,98,?,13-21,SC,20,,13,93,10,87,98,98,101,112
654-07,,,,99,?,12-20,SC,19,,16,88,15,85,99,99,102,113
654-09,,,,100,?,11-19,SC,19,,11,81,29,93,100,100,104,113
654-10,,,,101,?,10-18,SC,43,,5,79,28,96,101,99,102,112
654-12,,,,101,102,17-18,SC,38,,10,90,14,92,101,101,103,113
654-14,,,,102,?,9-17,SC,33,,7,70,34,96,102,102,103,112
654-16,,,,103,104,15-16,SC,22,,11,66,44,93,103,103,104,113
654-18,,,,104,?,7-15,SC,23,,5,83,26,99,104,104,105,111
654-20,,,,104,105,14-15,SC,16,,7,92,16,98,105,104,106,110
654-21,,,,,,,,1,1,1,1,111,111,111,112,112,112
654-22,,,,105,106,13-14,SC,10,,3,19,87,103,105,105,106,111
654-24,,,,106,107,12-13,SC,10,,16,74,37,91,106,106,108,111
654-26,,,,107,?,4-12,SC,9,,,2,107,107,107,107,107,109
654-28,,,,107,108,11-12,SC,11,,1,6,107,107,107,107,108,113
654-30,,,,108,109,10-11,SC,7,,1,2,108,108,108,108,109,110
654-32,,,,109,?,2-10,SC,15,,,2,109,109,109,109,109,111
654-34,,,,109,110,9-10,SC,5,,1,2,109,109,109,109,110,111
654-36,,,,110,111,8-9,SC,7,,,1,110,110,110,110,110,111
654-38,,,,111,?,1-8,SC,8,,7,60,53,103,111,111,111,113
654-46,,,,,,,,1,1,1,1,111,111,111,112,112,112
654-48,,,,,,,,1,,,,112,112,112,112,112,112
654-68,,,,,,,,1,,,,112,112,112,112,112,112
654-69,,,,,,,,1,,,,111,111,111,111,111,111
654-73,,,,,,,,1,,,,111,111,111,111,111,111
654-98,,,,,,,,1,1,1,1,111,111,111,112,112,112
655-01,,,,97,?,14-22,SC,28,,17,81,23,82,97,90,100,111
655-03,,,,98,?,13-21,SC,36,,6,59,47,94,98,97,100,113
655-05,,,,98,?,13-21,SC,28,,15,78,26,86,99,97,102,112
655-06,,,,,,,,1,1,1,1,112,112,112,113,113,113
655-07,,,,99,?,12-20,SC,33,,11,75,35,91,99,76,102,113
655-09,,,,100,?,11-19,SC,29,,10,92,14,91,100,100,102,113
655-10,,,,101,?,10-18,SC,24,,3,66,38,98,102,101,102,107
655-12,,,,102,?,9-17,SC,31,,5,66,38,97,102,101,103,112
655-14,,,,102,?,9-17,SC,22,,6,79,31,97,102,102,104,111
655-16,,,,103,104,15-16,SC,11,,6,44,59,99,103,103,105,111
655-18,,,,104,105,14-15,SC,19,,,4,104,104,104,104,104,108
655-20,,,,105,?,6-14,SC,10,,8,74,36,97,105,104,106,113
655-22,,,,105,106,13-14,SC,11,,15,85,25,91,105,105,107,113
655-24,,,,106,107,12-13,SC,5,,12,57,56,96,106,106,108,113
655-25,,,,,,,,1,,,,111,111,111,111,111,111
655-26,,,,107,?,4-12,SC,5,,1,3,107,107,107,107,108,110
655-28,,,,107,108,11-12,SC,18,,1,5,107,107,108,107,108,112
655-30,,,,108,109,10-11,SC,8,,1,5,108,108,108,108,109,113
655-32,,,,109,110,9-10,SC,12,,,3,109,109,109,109,109,112
655-33,,,,,,,,1,,,,112,112,112,112,112,112
655-34,,,,110,?,1-9,SC,12,,,3,109,109,110,110,110,113
655-35,,,,,,,,1,,,,112,112,112,112,112,112
655-36,,,,110,111,8-9,SC,10,,,3,110,110,110,110,110,113
655-54,,,,,,,,1,,,,111,111,111,111,111,111
655-56,,,,,,,,1,,,,112,112,112,112,112,112
655-57,,,,,,,,1,,,,112,112,112,112,112,112
655-88,,,,,,,,1,,,,112,112,112,112,112,112
655-97,,,,,,,,1,,,,113,113,113,113,113,113
656-01,,,,97,?,14-22,SC,24,,10,90,20,93,97,97,104,113
656-03,,,,98,?,13-21,SC,43,,17,88,13,85,98,95,103,113
656-05,,,,99,?,12-20,SC,25,,9,97,7,90,99,98,100,109
656-06,,,,,,,,1,,,,111,111,111,111,111,111
656-07,,,,99,100,19-20,SC,26,,11,88,23,91,99,99,102,111
656-09,,,,100,?,11-19,SC,23,,3,51,53,97,100,100,101,111
656-10,,,,101,?,10-18,SC,21,,13,94,12,90,101,101,104,112
656-12,,,,102,?,9-17,SC,24,,7,90,20,95,102,102,103,110
656-14,,,,103,?,8-16,SC,29,,17,88,15,86,103,102,104,113
656-15,,,,,,,,1,,,,112,112,112,112,112,112
656-16,,,,103,104,15-16,SC,26,,7,51,58,97,103,103,104,110
656-18,,,,104,105,14-15,SC,21,,1,6,104,104,104,104,105,110
656-20,,,,105,106,13-14,SC,9,,8,71,42,98,105,105,106,113
656-22,,,,106,?,5-13,SC,12,,5,26,82,101,106,106,107,111
656-24,,,,106,107,12-13,SC,10,,8,67,41,99,106,106,108,112
656-26,,,,107,108,11-12,SC,9,,,4,107,107,107,107,107,111
656-28,,,,108,?,3-11,SC,16,,,4,107,107,108,108,108,111
656-29,,,,,,,,1,,,,112,112,112,112,112,112
656-30,,,,108,109,10-11,SC,5,,,3,108,108,108,108,108,111
656-32,,,,109,110,9-10,SC,5,,,3,109,109,109,109,109,112
656-34,,,,110,?,1-9,SC,14,,,2,110,110,110,110,110,112
656-36,,,,110,111,8-9,SC,6,,,1,110,110,110,110,110,111
656-37,,,,,,,,1,,,,113,113,113,113,113,113
656-41,,,,,,,,1,,,,112,112,112,112,112,112
656-48,,,,,,,,1,,,,112,112,112,112,112,112
656-49,,,,,,,,1,1,1,1,111,111,111,112,112,112
656-53,,,,,,,,1,,,,112,112,112,112,112,112
656-59,,,,,,,,1,,,,113,113,113,113,113,113
656-65,,,,,,,,1,,,,112,112,112,112,112,112
656-73,,,,,,,,1,,,,111,111,111,111,111,111
656-78,,,,,,,,1,1,1,1,111,111,111,112,112,112
656-79,,,,,,,,1,,,,112,112,112,112,112,112
657-01,,,,97,?,14-22,SC,26,,28,87,21,74,97,97,102,111
657-03,,,,98,?,13-21,SC,20,,14,101,3,86,98,98,101,109
657-05,,,,99,?,12-20,SC,30,,13,73,31,88,99,98,102,113
657-06,,,,,,,,1,1,1,1,111,111,111,112,112,112
657-07,,,,100,?,11-19,SC,33,,3,29,79,98,100,99,102,111
657-09,,,,100,?,11-19,SC,26,,6,66,38,95,100,100,102,112
657-10,,,,101,?,10-18,SC,21,,9,76,28,93,101,101,102,112
657-11,,,,,,,,1,,,,111,111,111,111,111,111
657-12,,,,102,103,16-17,SC,16,,2,34,69,99,102,101,102,105
657-13,,,,,,,,1,1,1,1,112,112,112,113,113,113
657-14,,,,103,?,8-16,SC,33,,4,88,20,99,103,102,104,112
657-16,,,,103,104,15-16,SC,39,,8,77,27,96,103,103,105,112
657-18,,,,104,105,14-15,SC,11,,2,8,104,104,104,104,106,112
657-20,,,,105,106,13-14,SC,10,,12,59,49,96,105,105,108,111
657-22,,,,106,?,5-13,SC,5,1,10,44,64,97,106,106,108,112
657-24,,,,106,107,12-13,SC,7,,2,4,106,106,106,106,108,110
657-25,,,,,,,,2,,,,112,112,112,112,112,112
657-26,,,,107,108,11-12,SC,17,,1,6,107,107,107,107,108,113
657-28,,,,108,?,3-11,SC,11,,1,5,106,107,108,108,109,113
657-30,,,,108,109,10-11,SC,14,,,3,108,108,108,108,108,111
657-32,,,,109,110,9-10,SC,10,,,,109,109,109,109,109,109
657-34,,,,110,111,8-9,SC,7,,,1,110,110,110,110,110,111
657-36,,,,111,?,1-8,SC,7,,,1,111,111,111,111,111,112
657-38,,,,,,,,1,,,,112,112,112,112,112,112
657-57,,,,,,,,1,,,,112,112,112,112,112,112
657-62,,,,,,,,1,,,,111,111,111,111,111,111
657-64,,,,,,,,1,,,,112,112,112,112,112,112
657-65,,,,,,,,2,,,1,111,111,112,112,112,112
657-74,,,,,,,,1,,,,112,112,112,112,112,112
657-80,,,,,,,,1,2,2,2,111,111,111,113,113,113
657-87,,,,,,,,1,1,1,1,112,112,112,113,113,113
658-01,,,,97,?,14-22,SC,33,,6,87,12,93,97,97,100,111
658-03,,,,98,?,13-21,SC,18,,9,56,43,93,98,98,102,113
658-05,,,,99,?,12-20,SC,32,,9,72,38,92,99,99,102,111
658-07,,,,100,?,11-19,SC,28,,12,68,41,91,100,99,104,112
658-09,,,,100,101,18-19,SC,28,,8,77,24,93,100,100,101,112
658-10,,,,101,?,10-18,SC,27,,9,74,29,93,101,101,102,110
658-12,,,,102,?,9-17,SC,37,,5,72,39,98,102,101,103,112
658-14,,,,103,104,15-16,SC,19,,5,69,36,99,103,103,104,112
658-16,,,,104,?,7-15,SC,22,,4,39,68,99,104,103,104,110
658-18,,,,104,105,14-15,SC,27,,3,44,60,101,104,104,104,112
658-20,,,,105,106,13-14,SC,6,,1,7,105,105,105,105,106,112
658-21,,,,,,,,2,,,1,110,111,112,110,111,113
658-22,,,,106,?,5-13,SC,3,3,3,5,106,106,106,109,109,111
658-23,,,,,,,,1,1,1,1,111,111,111,112,112,112
658-24,,,,106,107,12-13,SC,15,,2,28,84,105,107,106,107,112
658-25,,,,,,,,2,,,,111,111,111,111,111,111
658-26,,,,107,108,11-12,SC,14,,,6,107,107,107,107,107,113
658-27,,,,,,,,1,1,1,1,111,111,111,112,112,112
658-28,,,,108,?,3-11,SC,9,,3,25,88,105,108,108,109,113
658-30,,,,108,109,10-11,SC,11,,,2,108,108,109,108,109,111
658-32,,,,109,110,9-10,SC,14,,,4,109,109,109,109,109,113
658-34,,,,110,111,8-9,SC,7,,,1,104,109,110,104,109,111
658-36,,,,111,?,1-8,SC,9,,6,36,75,104,111,111,111,113
658-39,,,,,,,,1,,,,113,113,113,113,113,113
658-45,,,,,,,,1,,,,111,111,111,111,111,111
658-50,,,,,,,,1,,,,112,112,112,112,112,112
658-52,,,,,,,,1,,,,111,111,111,111,111,111
658-55,,,,,,,,1,,,,112,112,112,112,112,112
658-60,,,,,,,,1,,,,112,112,112,112,112,112
658-62,,,,,,,,1,49,49,49,64,64,64,113,113,113
658-66,,,,,,,,1,,,,111,111,111,111,111,111
658-72,,,,,,,,1,,,,112,112,112,112,112,112
658-75,,,,,,,,1,,,,112,112,112,112,112,112
658-77,,,,,,,,1,1,1,1,111,111,111,112,112,112
658-84,,,,,,,,2,1,1,1,112,112,112,113,113,113
658-85,,,,,,,,1,,,,112,112,112,112,112,112
658-89,,,,,,,,1,,,,112,112,112,112,112,112
659-01,,,,99,100,19-20,LA,41,,11,84,19,92,99,99,103,112
659-03,,,,100,101,18-19,LA,29,,4,12,100,100,100,100,104,112
659-05,,,,101,?,10-18,LA,45,,2,19,83,100,102,101,103,113
659-07,,,,102,?,9-17,LA,40,,7,78,32,96,102,102,104,112
659-09,,,,103,104,15-16,LA,37,,9,87,23,95,103,103,105,112
659-10,,,,104,105,14-15,LA,28,,2,8,104,104,104,104,106,112
659-12,,,,105,106,13-14,LA,43,,6,83,23,99,105,105,106,111
659-14,,,,106,107,12-13,LA,32,,5,83,28,102,106,106,107,112
659-16,,,,107,108,11-12,LA,21,,1,6,107,107,107,107,108,113
659-18,,,,108,109,10-11,LA,30,,1,21,90,107,108,108,109,112
659-20,,,,109,110,9-10,LA,24,,5,85,28,104,109,109,109,113
659-22,,,,110,111,8-9,LA,25,,,2,109,109,110,110,110,112
659-24,,,,111,?,1-8,LA,20,,,4,108,110,111,111,111,112
659-27,,,,,,,,2,,46,93,19,65,112,112,112,112
659-29,,,,,,,,1,,,,111,111,111,111,111,111
659-30,,,,,,,,1,1,1,1,111,111,111,112,112,112
659-31,,,,,,,,1,1,1,1,111,111,111,112,112,112
659-55,,,,,,,,1,1,1,1,111,111,111,112,112,112
659-56,,,,,,,,1,1,1,1,111,111,111,112,112,112
659-58,,,,,,,,1,,,,112,112,112,112,112,112
659-60,,,,,,,,1,2,2,2,111,111,111,113,113,113
659-66,,,,,,,,1,,,,112,112,112,112,112,112
659-75,,,,,,,,1,,,,111,111,111,111,111,111
659-95,,,,,,,,1,,,,112,112,112,112,112,112
660-01,,,,99,100,19-20,LA,46,,8,72,32,94,100,98,102,112
660-03,,,,100,101,18-19,LA,35,,9,73,35,94,100,100,103,112
660-05,,,,101,102,17-18,LA,36,,15,97,12,88,101,101,104,111
660-07,,,,103,?,8-16,LA,34,,2,10,102,102,102,102,104,112
660-09,,,,103,104,15-16,LA,39,,8,94,17,97,103,103,105,111
660-10,,,,104,105,14-15,LA,44,,9,70,35,96,104,104,105,112
660-12,,,,105,106,13-14,LA,23,,2,6,104,104,105,105,107,111
660-14,,,,106,107,12-13,LA,29,,4,59,52,103,106,106,107,112
660-16,,,,107,108,11-12,LA,27,,1,4,107,107,107,107,108,111
660-18,,,,108,109,10-11,LA,28,,5,73,37,103,108,108,108,112
660-20,,,,109,110,9-10,LA,19,,8,78,32,101,109,109,109,112
660-22,,,,110,111,8-9,LA,20,,,2,108,109,110,110,110,111
660-23,,,,,,,,1,1,1,1,112,112,112,113,113,113
660-24,,,,111,?,1-8,LA,8,,,1,111,111,111,111,111,112
660-27,,,,,,,,1,1,1,1,111,111,111,112,112,112
660-28,,,,,,,,1,,,,112,112,112,112,112,112
660-32,,,,,,,,1,1,1,1,111,111,111,112,112,112
660-43,,,,,,,,1,84,84,84,27,27,27,111,111,111
660-62,,,,,,,,1,1,1,1,111,111,111,112,112,112
660-64,,,,,,,,1,,,,112,112,112,112,112,112
660-77,,,,,,,,1,1,1,1,112,112,112,113,113,113
660-78,,,,,,,,1,,,,112,112,112,112,112,112
660-98,,,,,,,,1,,,,112,112,112,112,112,112
661-01,,,,100,?,11-19,LA,40,,9,73,35,94,101,99,104,113
661-03,,,,101,?,10-18,LA,37,,6,76,33,96,101,100,102,111
661-05,,,,101,102,17-18,LA,50,,12,99,8,91,102,100,104,112
661-06,,,,,,,,1,,,,111,111,111,111,111,111
661-07,,,,103,?,8-16,LA,37,,6,79,24,98,103,102,104,111
661-09,,,,103,104,15-16,LA,33,,7,78,31,97,103,103,105,111
661-10,,,,104,106,13-15,LA,41,,6,79,32,99,105,104,106,112
661-12,,,,106,?,5-13,LA,26,,5,78,31,101,106,105,106,111
661-14,,,,106,107,12-13,LA,38,,4,68,43,103,106,106,107,112
661-16,,,,107,108,11-12,LA,34,,2,42,70,105,107,107,108,112
661-18,,,,108,109,10-11,LA,28,,1,5,108,108,108,108,109,113
661-20,,,,109,110,9-10,LA,24,,2,41,72,107,109,109,109,113
661-22,,,,110,111,8-9,LA,22,,,3,110,110,110,110,110,113
661-25,,,,,,,,1,,,,112,112,112,112,112,112
661-27,,,,,,,,1,2,2,2,111,111,111,113,113,113
661-29,,,,,,,,1,,,,112,112,112,112,112,112
661-50,,,,,,,,1,,,,112,112,112,112,112,112
661-52,,,,,,,,1,,,,112,112,112,112,112,112
661-53,,,,,,,,1,1,1,1,111,111,111,112,112,112
661-77,,,,,,,,1,,,,111,111,111,111,111,111
661-81,,,,,,,,1,1,1,1,112,112,112,113,113,113
661-85,,,,,,,,1,1,1,1,111,111,111,112,112,112
661-87,,,,,,,,1,,,,112,112,112,112,112,112
661-94,,,,,,,,1,,,,111,111,111,111,111,111
661-95,,,,,,,,1,68,68,68,45,45,45,113,113,113
662-01,,,,100,?,11-19,LA,35,,8,68,36,93,100,99,102,112
662-03,,,,101,?,10-18,LA,47,,9,78,30,93,101,100,103,112
662-05,,,,102,103,16-17,LA,39,,3,54,55,100,102,101,103,112
662-07,,,,103,104,15-16,LA,43,,7,95,12,98,103,101,105,112
662-09,,,,104,105,14-15,LA,39,,3,70,40,101,104,104,105,112
662-10,,,,105,106,13-14,LA,38,,9,77,29,97,105,104,106,113
662-12,,,,106,107,12-13,LA,38,,4,48,63,103,106,105,107,111
662-13,,,,,,,,1,1,1,1,112,112,112,113,113,113
662-14,,,,107,?,4-12,LA,22,,7,79,33,99,107,106,107,112
662-15,,,,,,,,1,68,68,68,45,45,45,113,113,113
662-16,,,,107,108,11-12,LA,31,,1,5,106,106,107,107,108,112
662-18,,,,108,109,10-11,LA,20,,1,4,108,108,108,108,109,112
662-20,,,,109,110,9-10,LA,23,,,2,109,109,109,109,109,111
662-22,,,,110,111,8-9,LA,31,,2,59,54,108,110,110,110,113
662-26,,,,,,,,1,,,,112,112,112,112,112,112
662-36,,,,,,,,2,,,1,111,111,112,112,112,112
662-38,,,,,,,,1,2,2,2,111,111,111,113,113,113
662-40,,,,,,,,1,,,,113,113,113,113,113,113
662-47,,,,,,,,1,1,1,1,112,112,112,113,113,113
662-59,,,,,,,,1,,,,112,112,112,112,112,112
662-68,,,,,,,,1,1,1,1,112,112,112,113,113,113
662-69,,,,,,,,1,,,,112,112,112,112,112,112
662-87,,,,,,,,1,1,1,1,112,112,112,113,113,113
662-95,,,,,,,,1,,,,112,112,112,112,112,112
662-98,,,,,,,,1,,,,112,112,112,112,112,112
663-01,,,,100,?,11-19,LA,19,,11,75,31,92,100,100,104,112
663-03,,,,101,?,10-18,LA,32,,11,70,38,92,101,101,103,112
663-05,,,,102,?,9-17,LA,42,,8,70,37,96,102,101,104,112
663-07,,,,103,104,15-16,LA,24,,13,93,12,91,103,103,104,110
663-09,,,,104,105,14-15,LA,45,,3,31,78,102,104,104,105,112
663-10,,,,105,106,13-14,LA,29,,4,84,25,102,105,105,106,112
663-12,,,,106,107,12-13,LA,13,,4,34,75,103,106,106,107,112
663-14,,,,107,108,11-12,LA,22,,1,5,106,106,107,107,108,112
663-16,,,,108,?,3-11,LA,20,,1,4,107,107,108,107,108,111
663-18,,,,108,109,10-11,LA,30,,8,72,39,101,109,108,109,112
663-20,,,,109,110,9-10,LA,15,,1,4,109,109,110,109,110,113
663-22,,,,110,111,8-9,LA,26,,1,3,110,110,111,110,111,113
663-24,,,,,,,,1,1,1,1,111,111,111,112,112,112
663-25,,,,,,,,1,,,,112,112,112,112,112,112
663-33,,,,,,,,1,,,,112,112,112,112,112,112
663-34,,,,,,,,2,,,,111,111,111,111,111,111
663-46,,,,,,,,1,,,,111,111,111,111,111,111
663-47,,,,,,,,1,,,,112,112,112,112,112,112
663-53,,,,,,,,1,1,1,1,111,111,111,112,112,112
663-66,,,,,,,,1,1,1,1,112,112,112,113,113,113
663-73,,,,,,,,1,,,,112,112,112,112,112,112
663-85,,,,,,,,1,1,1,1,111,111,111,112,112,112
664-01,,,,100,?,11-19,LA,32,,8,83,29,95,100,100,103,112
664-03,,,,101,?,10-18,LA,37,,11,82,20,92,101,101,103,110
664-05,,,,102,?,9-17,LA,32,,8,90,14,96,102,102,104,111
664-07,,,,103,104,15-16,LA,38,,6,101,8,98,103,103,105,113
664-08,,,,,,,,1,,,,112,112,112,112,112,112
664-09,,,,104,105,14-15,LA,34,,9,91,18,96,104,104,106,112
664-10,,,,105,106,13-14,LA,24,,1,6,105,105,105,105,106,111
664-12,,,,106,107,12-13,LA,30,,3,54,57,104,106,106,107,111
664-14,,,,107,108,11-12,LA,28,,2,51,60,105,107,107,108,111
664-15,,,,,,,,1,1,1,1,111,111,111,112,112,112
664-16,,,,108,109,10-11,LA,30,,,5,107,107,108,108,108,112
664-17,,,,,,,,2,,,1,112,112,113,113,113,113
664-18,,,,109,110,9-10,LA,22,,,2,108,108,109,109,109,111
664-20,,,,110,111,8-9,LA,21,,5,90,20,105,110,108,110,112
664-22,,,,111,?,1-8,LA,14,,,2,110,110,111,110,111,112
664-28,,,,,,,,1,,,,112,112,112,112,112,112
664-36,,,,,,,,1,,,,112,112,112,112,112,112
664-46,,,,,,,,1,51,51,51,61,61,61,112,112,112
664-53,,,,,,,,1,1,1,1,111,111,111,112,112,112
664-61,,,,,,,,1,1,1,1,112,112,112,113,113,113
664-62,,,,,,,,1,,,,111,111,111,111,111,111
664-68,,,,,,,,1,,,,112,112,112,112,112,112
664-69,,,,,,,,1,,,,112,112,112,112,112,112
664-82,,,,,,,,2,,1,2,111,111,112,112,112,113
664-93,,,,,,,,1,,,,113,113,113,113,113,113
665-01,,,,100,?,11-19,LA,45,,7,83,27,95,100,100,103,112
665-02,,,,,,,,1,,,,111,111,111,111,111,111
665-03,,,,101,?,10-18,LA,40,,11,84,23,92,101,101,104,112
665-05,,,,102,?,9-17,LA,35,,5,68,34,98,102,102,104,113
665-07,,,,103,104,15-16,LA,31,,2,56,55,101,103,103,104,111
665-09,,,,104,105,14-15,LA,30,,4,67,41,101,104,104,105,112
665-10,,,,105,106,13-14,LA,33,,3,78,29,102,105,105,106,111
665-11,,,,,,,,1,,,,112,112,112,112,112,112
665-12,,,,106,107,12-13,LA,18,,1,5,106,106,106,106,107,111
665-14,,,,107,108,11-12,LA,36,,4,74,38,103,107,107,108,112
665-15,,,,,,,,1,,,,113,113,113,113,113,113
665-16,,,,108,109,10-11,LA,29,,5,84,27,102,109,108,108,112
665-18,,,,109,110,9-10,LA,25,,4,75,34,105,109,109,109,112
665-19,,,,,,,,2,,,1,111,111,112,112,112,112
665-20,,,,110,111,8-9,LA,20,,,2,109,109,110,110,110,112
665-22,,,,111,?,1-8,LA,14,,,2,110,110,111,111,111,112
665-31,,,,,,,,1,1,1,1,111,111,111,112,112,112
665-33,,,,,,,,1,2,2,2,111,111,111,113,113,113
665-48,,,,,,,,2,,,1,111,111,111,111,111,112
665-54,,,,,,,,1,,,,111,111,111,111,111,111
665-60,,,,,,,,1,,,,113,113,113,113,113,113
665-69,,,,,,,,2,,,1,111,112,113,112,112,113
665-76,,,,,,,,1,,,,111,111,111,111,111,111
665-87,,,,,,,,1,,,,111,111,111,111,111,111
665-92,,,,,,,,1,,,,112,112,112,112,112,112
665-94,,,,,,,,1,,,,111,111,111,111,111,111
667-01,,,,97,98,21-22,GA,31,,27,88,21,75,97,94,103,113
667-03,,,,98,?,13-21,GA,32,,17,80,21,85,98,98,102,113
667-04,,,,,,,,1,,,,112,112,112,112,112,112
667-05,,,,99,?,12-20,GA,57,,32,95,14,71,99,97,104,113
667-07,,,,99,?,12-20,GA,33,,12,86,27,90,99,99,102,113
667-09,,,,100,?,11-19,GA,32,,18,80,29,84,100,99,103,110
667-10,,,,100,101,18-19,GA,37,,23,88,14,79,100,100,103,113
667-12,,,,101,?,10-18,GA,29,,17,85,22,87,101,101,104,112
667-13,,,,,,,,1,,,,112,112,112,112,112,112
667-14,,,,101,102,17-18,GA,41,,15,83,30,89,101,101,104,113
667-16,,,,102,?,9-17,GA,33,,6,57,48,97,102,102,104,113
667-18,,,,103,?,8-16,GA,48,,13,77,31,91,102,100,105,113
667-19,,,,,,,,1,,,,112,112,112,112,112,112
667-20,,,,103,104,15-16,GA,28,,4,63,43,99,103,103,104,113
667-22,,,,104,?,7-15,GA,25,,3,80,28,100,104,103,104,108
667-24,,,,104,105,14-15,GA,30,,11,82,31,94,104,104,106,113
667-25,,,,,,,,1,70,70,70,42,42,42,112,112,112
667-26,,,,105,?,6-14,GA,22,,3,63,44,102,105,105,105,109
667-28,,,,105,106,13-14,GA,26,,14,85,24,92,105,105,107,113
667-30,,,,106,?,5-13,GA,33,,16,89,19,90,106,106,106,111
667-32,,,,106,107,12-13,GA,28,,,4,106,106,106,106,106,110
667-34,,,,107,?,4-12,GA,18,,7,72,37,100,107,107,107,110
667-36,,,,107,108,11-12,GA,16,,13,65,46,94,107,107,108,112
667-37,,,,,,,,1,2,2,2,111,111,111,113,113,113
667-38,,,,108,?,3-11,GA,23,,1,30,83,106,108,108,108,113
667-39,,,,,,,,1,,,,112,112,112,112,112,112
667-40,,,,108,109,10-11,GA,9,,,3,108,108,108,108,108,111
667-41,,,,,,,,1,,,,112,112,112,112,112,112
667-42,,,,109,?,2-10,GA,9,,8,73,39,101,109,109,109,112
667-44,,,,109,110,9-10,GA,14,,13,90,22,97,109,109,110,113
667-46,,,,110,?,1-9,GA,8,,9,77,34,100,110,110,110,112
667-47,,,,,,,,1,,,,112,112,112,112,112,112
667-48,,,,110,111,8-9,GA,9,1,17,82,29,94,110,111,111,113
667-50,,,,,,,,1,,,,112,112,112,112,112,112
667-65,,,,,,,,1,,,,111,111,111,111,111,111
667-75,,,,,,,,1,1,1,1,111,111,111,112,112,112
667-76,,,,,,,,1,1,1,1,111,111,111,112,112,112
667-84,,,,,,,,1,,,,111,111,111,111,111,111
667-85,,,,,,,,1,1,1,1,112,112,112,113,113,113
667-90,,,,,,,,1,1,1,1,111,111,111,112,112,112
668-01,,,,97,98,21-22,GA,36,,17,73,29,84,97,97,102,113
668-03,,,,98,?,13-21,GA,26,,13,61,43,89,98,98,102,113
668-05,,,,99,?,12-20,GA,25,,3,21,84,98,99,99,101,113
668-07,,,,99,?,12-20,GA,27,,20,66,41,82,99,99,103,110
668-09,,,,100,?,11-19,GA,33,,16,68,37,87,100,99,103,111
668-10,,,,100,101,18-19,GA,22,,26,106,0,77,100,100,104,112
668-12,,,,101,?,10-18,GA,50,,22,100,3,81,101,101,104,112
668-14,,,,101,102,17-18,GA,27,,15,64,46,89,101,101,104,110
668-15,,,,,,,,2,,,,111,111,112,111,111,112
668-16,,,,102,103,16-17,GA,27,,2,30,75,101,102,102,103,108
668-18,,,,103,?,8-16,GA,20,,3,10,102,102,103,102,105,112
668-20,,,,103,104,15-16,GA,29,,6,87,22,98,103,103,104,110
668-21,,,,,,,,1,,,,112,112,112,112,112,112
668-22,,,,104,?,7-15,GA,31,,11,85,19,93,104,103,105,113
668-24,,,,104,105,14-15,GA,23,,6,79,25,98,104,104,105,112
668-26,,,,105,?,6-14,GA,26,,16,85,23,89,105,104,106,113
668-28,,,,105,106,13-14,GA,27,,15,84,25,91,105,105,106,113
668-30,,,,106,?,5-13,GA,26,,6,80,31,100,106,106,106,111
668-32,,,,106,107,12-13,GA,9,,1,6,106,106,106,106,107,112
668-34,,,,107,?,4-12,GA,22,,7,86,27,100,107,107,107,113
668-36,,,,107,108,11-12,GA,18,,10,78,31,98,107,107,108,112
668-38,,,,108,?,3-11,GA,22,,11,69,44,97,108,107,108,113
668-40,,,,108,109,10-11,GA,11,,7,80,30,100,108,108,108,110
668-42,,,,109,?,2-10,GA,10,,8,79,34,101,109,109,109,113
668-43,,,,,,,,1,,,,112,112,112,112,112,112
668-44,,,,109,110,9-10,GA,14,,6,76,35,103,109,109,110,113
668-46,,,,110,?,1-9,GA,14,,11,85,28,99,110,110,110,113
668-47,,,,,,,,1,1,1,1,111,111,111,112,112,112
668-48,,,,110,111,8-9,GA,13,1,12,79,34,98,110,111,111,113
668-49,,,,,,,,1,,,,112,112,112,112,112,112
668-56,,,,,,,,1,,,,111,111,111,111,111,111
668-62,,,,,,,,1,,,,112,112,112,112,112,112
668-66,,,,,,,,1,,,,112,112,112,112,112,112
668-67,,,,,,,,1,1,1,1,111,111,111,112,112,112
668-71,,,,,,,,1,63,63,63,48,48,48,111,111,111
668-77,,,,,,,,1,1,1,1,111,111,111,112,112,112
668-78,,,,,,,,1,,,,112,112,112,112,112,112
668-81,,,,,,,,1,,,,113,113,113,113,113,113
669-01,,,,97,98,21-22,GA,39,,27,97,11,75,98,97,102,113
669-03,,,,98,?,13-21,GA,30,,12,65,46,91,98,97,104,113
669-05,,,,99,?,12-20,GA,31,,13,74,28,89,99,99,102,113
669-07,,,,99,100,19-20,GA,24,,21,87,19,82,99,99,103,111
669-09,,,,100,?,11-19,GA,17,,12,48,58,92,100,100,104,109
669-10,,,,100,101,18-19,GA,25,,19,88,20,85,100,100,104,113
669-12,,,,101,?,10-18,GA,38,,18,84,23,85,101,101,104,113
669-14,,,,101,102,17-18,GA,19,,3,27,81,99,101,101,103,113
669-16,,,,102,103,16-17,GA,34,,16,94,15,87,102,102,104,112
669-18,,,,103,?,8-16,GA,22,,9,70,35,94,103,102,103,107
669-20,,,,103,104,15-16,GA,36,,15,86,11,89,103,45,104,112
669-22,,,,104,?,7-15,GA,20,,5,72,38,99,104,104,105,111
669-24,,,,104,105,14-15,GA,27,,5,70,38,100,104,104,105,113
669-26,,,,105,?,6-14,GA,32,,15,87,19,90,105,104,106,113
669-28,,,,105,106,13-14,GA,26,,15,97,15,91,105,105,106,113
669-30,,,,106,?,5-13,GA,24,,9,82,29,98,106,106,107,112
669-32,,,,106,107,12-13,GA,25,,10,83,24,96,106,106,107,112
669-34,,,,107,?,4-12,GA,27,,16,93,15,92,107,107,108,113
669-36,,,,107,108,11-12,GA,13,,1,3,107,107,107,107,108,110
669-38,,,,108,?,3-11,GA,17,,,5,108,108,108,108,108,113
669-40,,,,108,109,10-11,GA,19,,19,91,18,90,108,108,109,112
669-42,,,,109,?,2-10,GA,9,,6,50,60,103,109,109,109,112
669-44,,,,109,110,9-10,GA,8,,8,61,50,101,109,109,109,111
669-46,,,,110,111,8-9,GA,9,,,1,110,110,110,110,110,111
669-47,,,,,,,,1,1,1,1,111,111,111,112,112,112
669-48,,,,111,?,1-8,GA,10,,6,65,47,104,111,111,111,112
669-49,,,,,,,,1,1,1,1,111,111,111,112,112,112
669-60,,,,,,,,1,,,,112,112,112,112,112,112
669-71,,,,,,,,1,1,1,1,111,111,111,112,112,112
669-73,,,,,,,,1,81,81,81,31,31,31,112,112,112
669-98,,,,,,,,1,1,1,1,111,111,111,112,112,112
670-01,,,,98,?,13-21,GA,30,,22,86,22,81,98,97,103,113
670-02,,,,,,,,1,,,,112,112,112,112,112,112
670-03,,,,98,99,20-21,GA,45,,29,89,11,73,98,98,103,113
670-05,,,,99,?,12-20,GA,36,,26,83,22,77,99,99,103,113
670-07,,,,99,100,19-20,GA,36,,15,99,9,87,99,99,103,110
670-09,,,,100,?,11-19,GA,24,,22,88,16,81,100,100,103,113
670-10,,,,100,101,18-19,GA,34,,12,68,40,91,101,100,103,113
670-12,,,,101,?,10-18,GA,25,,23,62,42,81,101,101,105,113
670-14,,,,102,?,9-17,GA,39,,26,93,19,79,102,101,105,112
670-15,,,,,,,,1,,,,113,113,113,113,113,113
670-16,,,,102,103,16-17,GA,24,,16,80,27,88,102,102,104,112
670-18,,,,103,?,8-16,GA,24,,14,84,24,91,103,102,105,112
670-20,,,,103,104,15-16,GA,20,,2,21,86,102,103,103,105,112
670-22,,,,104,?,7-15,GA,24,,10,66,38,94,104,103,105,111
670-24,,,,104,105,14-15,GA,24,,13,76,31,91,104,104,105,111
670-25,,,,,,,,1,,,,111,111,111,111,111,111
670-26,,,,105,?,6-14,GA,22,,8,88,20,97,105,105,106,112
670-28,,,,105,106,13-14,GA,38,,15,97,12,91,105,105,107,113
670-30,,,,106,?,5-13,GA,14,,19,79,31,88,106,105,108,113
670-32,,,,106,107,12-13,GA,16,1,10,92,17,97,106,107,107,111
670-34,,,,107,?,4-12,GA,13,,12,68,41,95,107,107,107,109
670-36,,,,107,108,11-12,GA,20,,1,4,107,107,107,107,108,111
670-38,,,,108,?,3-11,GA,24,,4,55,57,104,108,108,108,112
670-40,,,,108,109,10-11,GA,6,,13,77,35,95,108,108,109,112
670-42,,,,109,?,2-10,GA,13,,1,10,100,108,109,109,109,111
670-44,,,,109,110,9-10,GA,6,,1,3,109,109,110,109,110,112
670-46,,,,110,111,8-9,GA,13,,9,86,25,101,110,110,110,113
670-48,,,,111,?,1-8,GA,6,,,1,110,110,111,110,111,112
670-51,,,,,,,,1,1,1,1,112,112,112,113,113,113
670-62,,,,,,,,2,1,1,1,111,111,112,112,112,113
670-63,,,,,,,,1,,,,112,112,112,112,112,112
670-69,,,,,,,,1,,,,111,111,111,111,111,111
670-71,,,,,,,,1,,,,112,112,112,112,112,112
670-74,,,,,,,,1,,,,112,112,112,112,112,112
670-79,,,,,,,,1,,,,112,112,112,112,112,112
670-80,,,,,,,,1,1,1,1,112,112,112,113,113,113
670-84,,,,,,,,1,,,,112,112,112,112,112,112
670-92,,,,,,,,1,,,,111,111,111,111,111,111
670-93,,,,,,,,1,,,,111,111,111,111,111,111
671-01,,,,98,?,13-21,GA,35,,17,88,19,84,98,97,101,111
671-03,,,,98,99,20-21,GA,22,,23,75,27,80,98,98,104,112
671-05,,,,99,?,12-20,GA,32,,20,77,28,82,99,99,103,111
671-07,,,,99,100,19-20,GA,39,,31,98,15,73,99,99,104,113
671-09,,,,100,?,11-19,GA,35,,25,89,19,78,100,100,104,112
671-10,,,,101,?,10-18,GA,37,,17,80,24,86,101,100,103,112
671-12,,,,101,?,10-18,GA,27,,10,70,37,93,101,101,103,111
671-14,,,,102,?,9-17,GA,41,,14,84,20,89,102,101,104,113
671-16,,,,102,?,9-17,GA,32,,18,86,22,85,102,102,104,113
671-18,,,,103,?,8-16,GA,33,,6,67,42,98,103,102,104,111
671-20,,,,103,104,15-16,GA,23,,8,96,10,96,103,103,105,112
671-22,,,,104,?,7-15,GA,27,,7,80,29,97,104,104,105,109
671-24,,,,104,105,14-15,GA,22,,7,75,33,98,104,104,105,108
671-26,,,,105,?,6-14,GA,25,,22,90,20,84,105,104,106,113
671-28,,,,105,106,13-14,GA,28,,10,72,36,96,105,105,106,112
671-30,,,,106,107,12-13,GA,28,,26,81,25,81,106,106,107,112
671-32,,,,107,?,4-12,GA,23,,13,92,15,94,107,106,107,113
671-34,,,,107,?,4-12,GA,18,,4,41,71,103,107,107,108,113
671-36,,,,107,108,11-12,GA,21,,14,74,35,94,108,107,109,113
671-38,,,,108,?,3-11,GA,11,,,2,108,108,108,108,108,110
671-40,,,,108,109,10-11,GA,6,,1,4,108,108,108,108,109,112
671-41,,,,,,,,1,,,,111,111,111,111,111,111
671-42,,,,109,110,9-10,GA,14,,14,81,32,95,109,109,110,113
671-44,,,,110,?,1-9,GA,15,,,3,108,109,110,108,110,113
671-46,,,,110,111,8-9,GA,12,,13,82,31,96,110,110,110,113
671-48,,,,111,?,1-8,GA,4,,7,31,80,103,111,110,110,111
671-60,,,,,,,,1,69,69,69,43,43,43,112,112,112
671-65,,,,,,,,1,1,1,1,111,111,111,112,112,112
671-73,,,,,,,,1,,,,112,112,112,112,112,112
671-76,,,,,,,,1,,,,113,113,113,113,113,113
671-81,,,,,,,,1,,,,112,112,112,112,112,112
671-86,,,,,,,,1,,,,112,112,112,112,112,112
671-89,,,,,,,,1,,,,113,113,113,113,113,113
671-98,,,,,,,,1,,,,111,111,111,111,111,111
672-01,,,,98,?,13-21,GA,41,,18,93,11,82,98,98,101,112
672-02,,,,,,,,1,1,1,1,112,112,112,113,113,113
672-03,,,,98,99,20-21,GA,36,,16,84,22,86,98,98,102,112
672-05,,,,99,?,12-20,GA,23,,16,73,35,86,99,99,103,110
672-07,,,,100,?,11-19,GA,26,,27,93,11,75,100,100,103,109
672-09,,,,100,?,11-19,GA,27,,15,81,24,87,100,100,103,112
672-10,,,,101,?,10-18,GA,39,,19,79,26,84,101,100,103,112
672-12,,,,101,?,10-18,GA,29,,26,81,25,79,101,101,105,112
672-14,,,,102,?,9-17,GA,27,,8,81,23,94,102,101,103,110
672-16,,,,102,?,9-17,GA,29,,8,57,55,95,102,102,104,113
672-18,,,,103,?,8-16,GA,37,,15,83,24,89,103,102,104,112
672-20,,,,103,104,15-16,GA,32,,7,73,30,96,103,103,104,110
672-22,,,,104,?,7-15,GA,30,,12,80,33,93,104,104,106,113
672-24,,,,104,105,14-15,GA,23,,8,83,30,98,104,104,106,113
672-26,,,,105,106,13-14,GA,19,,8,68,37,97,105,105,106,112
672-28,,,,106,?,5-13,GA,20,,5,90,17,100,105,105,106,109
672-30,,,,106,107,12-13,GA,17,,,2,106,106,106,106,106,108
672-32,,,,107,?,4-12,GA,19,,5,64,43,101,107,106,107,109
672-34,,,,107,108,11-12,GA,9,,1,4,107,107,107,107,108,111
672-36,,,,108,?,3-11,GA,26,,5,70,38,102,108,107,108,112
672-37,,,,,,,,1,1,1,1,112,112,112,113,113,113
672-38,,,,108,109,10-11,GA,21,,9,88,21,98,108,108,108,111
672-40,,,,109,?,2-10,GA,12,,2,23,86,106,109,108,109,110
672-42,,,,109,110,9-10,GA,5,,18,88,23,91,109,109,110,112
672-44,,,,110,?,1-9,GA,18,,4,78,34,105,110,109,109,112
672-45,,,,,,,,1,,,,112,112,112,112,112,112
672-46,,,,110,111,8-9,GA,10,,16,82,31,94,110,110,110,113
672-48,,,,111,?,1-8,GA,4,,,2,111,111,111,111,111,113
672-56,,,,,,,,1,2,2,2,111,111,111,113,113,113
672-62,,,,,,,,1,1,1,1,112,112,112,113,113,113
672-63,,,,,,,,1,,,,112,112,112,112,112,112
672-78,,,,,,,,1,1,1,1,112,112,112,113,113,113
672-82,,,,,,,,1,,,,112,112,112,112,112,112
673-01,,,,98,?,13-21,GA,32,,28,93,12,74,98,98,103,112
673-03,,,,98,99,20-21,GA,27,,27,91,14,75,98,98,102,113
673-05,,,,99,?,12-20,GA,25,,15,78,27,89,99,99,104,113
673-07,,,,100,?,11-19,GA,26,,4,31,74,98,100,99,102,112
673-09,,,,100,?,11-19,GA,43,,24,84,22,79,100,100,104,113
673-10,,,,101,?,10-18,GA,27,,13,67,40,91,101,100,104,113
673-12,,,,101,?,10-18,GA,29,,16,87,17,87,101,101,103,111
673-14,,,,102,?,9-17,GA,44,,16,83,21,87,102,101,104,113
673-16,,,,102,?,9-17,GA,17,,5,34,69,97,102,101,103,109
673-17,,,,,,,,1,21,21,21,91,91,91,112,112,112
673-18,,,,103,?,8-16,GA,22,,17,73,37,88,103,102,105,113
673-20,,,,103,104,15-16,GA,27,,9,79,27,96,103,103,105,112
673-22,,,,104,?,7-15,GA,25,,4,48,60,101,104,104,105,112
673-24,,,,104,105,14-15,GA,29,,15,98,12,90,104,104,105,111
673-26,,,,105,106,13-14,GA,30,,10,76,32,95,105,105,106,112
673-28,,,,106,?,5-13,GA,20,,15,75,33,91,106,105,107,111
673-30,,,,106,107,12-13,GA,26,,2,58,50,103,107,106,106,109
673-32,,,,107,?,4-12,GA,18,,6,55,53,101,107,106,107,110
673-34,,,,107,108,11-12,GA,29,,9,81,27,98,107,107,107,111
673-36,,,,108,?,3-11,GA,15,,1,4,107,107,108,108,108,112
673-38,,,,108,109,10-11,GA,18,,4,57,55,104,108,108,108,112
673-40,,,,109,?,2-10,GA,8,,,3,109,109,109,109,109,112
673-42,,,,109,110,9-10,GA,14,,,4,109,109,109,109,109,113
673-43,,,,,,,,1,76,76,76,36,36,36,112,112,112
673-44,,,,110,?,1-9,GA,11,,,3,110,110,110,110,110,113
673-46,,,,110,111,8-9,GA,14,,5,67,45,105,110,110,110,113
673-48,,,,111,?,1-8,GA,7,,8,39,74,103,111,110,111,113
673-50,,,,,,,,1,,,,113,113,113,113,113,113
673-53,,,,,,,,1,,,,112,112,112,112,112,112
673-54,,,,,,,,1,,,,112,112,112,112,112,112
673-55,,,,,,,,2,1,3,6,107,109,111,112,112,113
673-56,,,,,,,,1,,,,112,112,112,112,112,112
673-72,,,,,,,,1,,,,112,112,112,112,112,112
673-81,,,,,,,,1,,,,112,112,112,112,112,112
673-82,,,,,,,,1,,,,112,112,112,112,112,112
673-85,,,,,,,,1,,,,112,112,112,112,112,112
673-93,,,,,,,,1,,,,111,111,111,111,111,111
674-01,,,,98,?,13-21,GA,31,,26,73,25,76,98,98,103,113
674-03,,,,98,99,20-21,GA,30,,23,79,26,80,98,98,103,112
674-05,,,,99,?,12-20,GA,32,,27,88,20,76,99,99,103,112
674-07,,,,100,?,11-19,GA,37,,14,77,35,89,100,99,103,113
674-09,,,,100,?,11-19,GA,34,,16,77,27,87,100,100,103,112
674-10,,,,101,?,10-18,GA,29,,16,81,27,86,101,100,103,113
674-11,,,,,,,,1,,,,112,112,112,112,112,112
674-12,,,,101,?,10-18,GA,45,,18,81,23,85,101,101,103,113
674-13,,,,,,,,2,,,1,111,111,112,111,112,113
674-14,,,,102,?,9-17,GA,43,,14,93,11,89,102,102,104,113
674-16,,,,103,?,8-16,GA,26,,16,92,17,88,102,102,104,112
674-18,,,,103,?,8-16,GA,31,,11,102,4,93,103,103,104,112
674-20,,,,103,104,15-16,GA,23,1,10,57,53,95,103,104,105,112
674-22,,,,104,105,14-15,GA,35,,4,84,23,99,104,81,104,107
674-24,,,,105,?,6-14,GA,34,,8,60,52,97,105,104,106,113
674-25,,,,,,,,1,,,,112,112,112,112,112,112
674-26,,,,105,106,13-14,GA,37,,17,86,25,88,105,105,106,111
674-28,,,,106,?,5-13,GA,26,,6,75,34,99,106,105,106,109
674-30,,,,106,107,12-13,GA,19,,13,66,44,94,106,106,108,113
674-32,,,,107,?,4-12,GA,13,,19,67,43,89,107,107,108,112
674-34,,,,107,108,11-12,GA,19,,4,80,30,102,107,107,107,112
674-36,,,,108,?,3-11,GA,24,,15,81,28,93,108,108,108,112
674-38,,,,108,109,10-11,GA,22,,10,77,32,98,108,108,108,112
674-40,,,,109,?,2-10,GA,13,,,2,108,108,109,108,109,111
674-42,,,,109,110,9-10,GA,16,,11,79,33,98,109,109,110,112
674-44,,,,110,?,1-9,GA,11,,,2,109,109,110,109,110,112
674-46,,,,110,111,8-9,GA,13,,5,66,45,105,110,110,110,113
674-48,,,,111,?,1-8,GA,9,,,1,111,111,111,111,111,112
674-58,,,,,,,,1,,,,111,111,111,111,111,111
674-60,,,,,,,,1,,,,111,111,111,111,111,111
674-61,,,,,,,,1,,,,113,113,113,113,113,113
674-77,,,,,,,,1,,,,112,112,112,112,112,112
674-86,,,,,,,,1,,,,112,112,112,112,112,112
674-87,,,,,,,,1,,,,112,112,112,112,112,112
674-99,,,,,,,,1,,,,111,111,111,111,111,111
675-01,,,,98,?,13-21,GA,31,,21,88,18,80,98,97,101,113
675-03,,,,98,99,20-21,GA,21,,10,84,23,91,99,98,102,113
675-04,,,,,,,,1,,,,112,112,112,112,112,112
675-05,,,,99,?,12-20,GA,31,,17,75,35,86,99,99,104,113
675-07,,,,100,?,11-19,GA,33,,15,73,36,88,100,100,103,113
675-09,,,,100,?,11-19,GA,32,,15,79,24,87,100,100,102,108
675-10,,,,101,?,10-18,GA,22,,9,66,42,93,101,100,103,112
675-12,,,,101,?,10-18,GA,39,,11,95,17,92,101,90,103,112
675-14,,,,102,?,9-17,GA,28,,12,67,42,91,102,102,104,113
675-16,,,,103,?,8-16,GA,28,,13,87,16,91,102,102,105,113
675-18,,,,103,?,8-16,GA,35,,22,100,7,82,103,103,104,111
675-20,,,,103,104,15-16,GA,35,,13,89,15,92,104,103,105,113
675-22,,,,104,105,14-15,GA,25,,17,92,13,87,104,104,105,110
675-23,,,,,,,,1,,,,111,111,111,111,111,111
675-24,,,,105,?,6-14,GA,33,,4,48,60,101,105,104,106,113
675-26,,,,105,106,13-14,GA,18,,5,72,35,100,105,105,106,110
675-27,,,,,,,,1,,,,112,112,112,112,112,112
675-28,,,,106,?,5-13,GA,23,,8,64,46,98,106,105,106,111
675-30,,,,106,107,12-13,GA,23,,18,84,28,89,106,106,107,112
675-32,,,,107,?,4-12,GA,28,,7,81,29,100,107,107,108,112
675-34,,,,107,108,11-12,GA,17,,1,5,107,107,107,107,108,112
675-36,,,,108,?,3-11,GA,27,,13,80,29,95,108,108,108,113
675-37,,,,,,,,1,,,,112,112,112,112,112,112
675-38,,,,108,109,10-11,GA,15,,6,73,39,102,108,108,109,112
675-40,,,,109,?,2-10,GA,14,,24,78,31,85,109,109,109,113
675-42,,,,109,110,9-10,GA,8,,5,43,68,103,109,109,109,111
675-44,,,,110,?,1-9,GA,5,,,3,110,110,110,110,110,113
675-46,,,,110,111,8-9,GA,13,,5,59,53,105,110,110,111,113
675-48,,,,111,?,1-8,GA,6,,,1,111,111,111,111,111,112
675-57,,,,,,,,1,1,1,1,111,111,111,112,112,112
675-63,,,,,,,,1,1,1,1,111,111,111,112,112,112
675-64,,,,,,,,1,,,,112,112,112,112,112,112
675-72,,,,,,,,1,83,83,83,29,29,29,112,112,112
675-77,,,,,,,,1,,,,112,112,112,112,112,112
675-89,,,,,,,,1,1,1,1,112,112,112,113,113,113
675-93,,,,,,,,1,1,1,1,112,112,112,113,113,113
676-01,,,,101,?,10-18,AR,45,,13,90,14,91,102,101,104,113
676-03,,,,101,102,17-18,AR,50,,13,86,19,91,102,101,104,112
676-05,,,,103,?,8-16,AR,56,,10,75,32,94,103,102,104,112
676-07,,,,103,104,15-16,AR,48,,7,70,41,98,104,103,105,112
676-09,,,,104,105,14-15,AR,50,,2,9,101,103,104,104,106,113
676-10,,,,105,106,13-14,AR,51,,4,86,23,102,105,105,106,113
676-11,,,,,,,,1,,,,112,112,112,112,112,112
676-12,,,,106,107,12-13,AR,47,,5,92,18,102,106,106,107,113
676-14,,,,107,108,11-12,AR,35,,2,58,51,105,107,107,107,111
676-16,,,,108,109,10-11,AR,39,,6,77,32,102,108,108,108,111
676-18,,,,109,110,9-10,AR,46,,3,69,40,106,109,109,109,113
676-20,,,,110,?,1-9,AR,30,,5,79,34,105,110,109,110,113
676-22,,,,110,111,8-9,AR,13,,,2,110,110,111,110,111,112
676-24,,,,,,,,1,,,,112,112,112,112,112,112
676-28,,,,,,,,1,1,1,1,111,111,111,112,112,112
676-33,,,,,,,,1,1,1,1,111,111,111,112,112,112
676-46,,,,,,,,1,25,25,25,88,88,88,113,113,113
676-48,,,,,,,,1,2,2,2,111,111,111,113,113,113
676-52,,,,,,,,1,,,,112,112,112,112,112,112
676-65,,,,,,,,1,,,,112,112,112,112,112,112
676-69,,,,,,,,1,1,1,1,112,112,112,113,113,113
676-70,,,,,,,,1,84,84,84,29,29,29,113,113,113
676-86,,,,,,,,1,1,1,1,112,112,112,113,113,113
676-92,,,,,,,,1,,,,112,112,112,112,112,112
676-95,,,,,,,,2,,,,112,112,112,112,112,112
677-01,,,,101,?,10-18,AR,48,,6,40,23,95,101,44,101,113
677-03,,,,102,103,16-17,AR,46,,3,63,49,99,102,101,103,112
677-05,,,,103,104,15-16,AR,56,,5,50,58,99,103,103,105,112
677-06,,,,,,,,2,,,1,112,112,112,112,112,113
677-07,,,,104,?,7-15,AR,54,,6,61,47,99,104,104,105,113
677-09,,,,104,105,14-15,AR,41,,9,110,-1,96,105,104,106,112
677-10,,,,105,106,13-14,AR,46,,9,92,16,97,106,105,107,112
677-11,,,,,,,,1,62,62,62,51,51,51,113,113,113
677-12,,,,106,107,12-13,AR,37,,6,80,27,101,106,106,107,112
677-14,,,,107,108,11-12,AR,27,,3,80,30,104,107,107,107,110
677-16,,,,108,109,10-11,AR,27,,,6,105,107,108,108,108,112
677-18,,,,109,110,9-10,AR,28,,,4,109,109,109,109,109,113
677-20,,,,110,111,8-9,AR,35,,,3,110,110,110,110,110,113
677-22,,,,111,?,1-8,AR,21,,1,17,95,110,111,110,111,112
677-28,,,,,,,,1,1,1,1,111,111,111,112,112,112
677-33,,,,,,,,1,,,,112,112,112,112,112,112
677-43,,,,,,,,2,,,,111,111,112,111,111,112
677-46,,,,,,,,1,,,,111,111,111,111,111,111
677-52,,,,,,,,1,1,1,1,112,112,112,113,113,113
677-82,,,,,,,,1,,,,112,112,112,112,112,112
677-83,,,,,,,,1,,,,111,111,111,111,111,111
677-86,,,,,,,,1,63,63,63,49,49,49,112,112,112
677-91,,,,,,,,1,1,1,1,112,112,112,113,113,113
677-93,,,,,,,,1,1,1,1,111,111,111,112,112,112
678-01,,,,101,?,10-18,AR,51,,16,81,21,88,101,99,104,113
678-03,,,,102,?,9-17,AR,41,,13,97,10,90,103,87,104,113
678-05,,,,103,104,15-16,AR,65,,8,100,10,97,103,103,105,113
678-07,,,,104,105,14-15,AR,33,,4,52,56,101,104,104,106,112
678-09,,,,105,106,13-14,AR,49,,2,50,59,103,105,105,106,113
678-10,,,,106,?,5-13,AR,41,,8,80,31,99,106,106,108,113
678-12,,,,106,107,12-13,AR,38,,6,78,31,101,107,107,108,112
678-14,,,,107,108,11-12,AR,35,,6,88,22,101,107,107,108,112
678-16,,,,108,109,10-11,AR,41,,7,81,28,101,108,108,109,113
678-17,,,,,,,,1,1,1,1,112,112,112,113,113,113
678-18,,,,109,110,9-10,AR,29,,,3,109,109,109,109,109,112
678-20,,,,110,111,8-9,AR,27,,3,72,39,107,110,110,110,112
678-22,,,,111,?,1-8,AR,3,,,,111,111,111,111,111,111
678-30,,,,,,,,1,1,1,1,111,111,111,112,112,112
678-32,,,,,,,,1,,,,112,112,112,112,112,112
678-39,,,,,,,,1,1,1,1,112,112,112,113,113,113
678-41,,,,,,,,1,1,1,1,112,112,112,113,113,113
678-42,,,,,,,,1,,,,111,111,111,111,111,111
678-44,,,,,,,,1,,,,113,113,113,113,113,113
678-47,,,,,,,,1,,,,112,112,112,112,112,112
678-51,,,,,,,,1,,,,111,111,111,111,111,111
678-64,,,,,,,,1,,,,111,111,111,111,111,111
678-65,,,,,,,,1,,,,112,112,112,112,112,112
678-78,,,,,,,,1,1,1,1,112,112,112,113,113,113
678-83,,,,,,,,1,,,,112,112,112,112,112,112
678-84,,,,,,,,1,26,26,26,87,87,87,113,113,113
678-92,,,,,,,,1,,,,112,112,112,112,112,112
678-97,,,,,,,,1,71,71,71,42,42,42,113,113,113
679-01,,,,101,102,17-18,AR,54,,5,71,38,97,102,101,103,112
679-03,,,,102,?,9-17,AR,48,,5,83,30,99,102,102,105,113
679-05,,,,103,104,15-16,AR,48,,7,84,26,98,103,103,106,113
679-07,,,,104,105,14-15,AR,47,,5,73,34,100,104,104,106,113
679-08,,,,,,,,1,,,,111,111,111,111,111,111
679-09,,,,105,106,13-14,AR,29,,1,15,93,104,105,105,106,112
679-10,,,,106,107,12-13,AR,41,,5,92,15,101,106,106,107,112
679-11,,,,,,,,1,,,,112,112,112,112,112,112
679-12,,,,107,108,11-12,AR,36,,5,52,56,102,107,107,108,113
679-14,,,,108,?,3-11,AR,44,,5,61,51,103,108,107,109,113
679-16,,,,108,109,10-11,AR,27,,,4,108,108,109,108,109,112
679-18,,,,109,110,9-10,AR,30,,5,94,16,104,109,109,110,113
679-20,,,,110,111,8-9,AR,27,,2,56,56,108,110,110,110,113
679-25,,,,,,,,1,1,1,1,112,112,112,113,113,113
679-31,,,,,,,,1,,,,111,111,111,111,111,111
679-33,,,,,,,,1,1,1,1,112,112,112,113,113,113
679-43,,,,,,,,1,57,57,57,55,55,55,112,112,112
679-56,,,,,,,,1,,,,112,112,112,112,112,112
679-61,,,,,,,,1,,,,111,111,111,111,111,111
679-62,,,,,,,,1,,,,112,112,112,112,112,112
679-71,,,,,,,,1,1,1,1,111,111,111,112,112,112
679-75,,,,,,,,1,,,,111,111,111,111,111,111
679-90,,,,,,,,1,1,1,1,111,111,111,112,112,112
680-01,,,,97,?,14-22,NV,41,,28,89,19,74,97,97,102,112
680-02,,,,108,?,3-11,NV,11,,8,75,37,101,108,108,109,113
680-03,,,,97,?,14-22,NV,57,,38,89,10,65,97,97,103,113
680-04,,,,108,?,3-11,NV,9,,20,81,28,89,108,108,110,112
680-05,,,,97,?,14-22,NV,50,1,37,88,17,66,98,56,103,113
680-06,,,,108,?,3-11,NV,9,,9,75,37,100,108,108,109,113
680-07,,,,98,?,13-21,NV,46,,34,78,30,69,98,98,104,112
680-08,,,,108,109,10-11,NV,9,,11,67,43,97,109,109,109,112
680-09,,,,98,?,13-21,NV,37,,35,94,9,68,98,98,103,113
680-10,,,,98,?,13-21,NV,54,,36,94,5,67,98,98,103,113
680-11,,,,109,?,2-10,NV,12,,6,75,35,102,109,109,109,111
680-12,,,,98,99,20-21,NV,45,,32,94,11,71,99,98,104,113
680-13,,,,109,?,2-10,NV,7,,23,84,28,86,109,109,110,112
680-14,,,,99,?,12-20,NV,49,,35,92,10,68,99,99,104,113
680-15,,,,109,?,2-10,NV,1,,,,109,109,109,109,109,109
680-16,,,,99,?,12-20,NV,39,,30,83,26,73,99,99,103,112
680-17,,,,109,110,9-10,NV,8,,,2,109,109,109,109,109,111
680-18,,,,99,100,19-20,NV,37,,30,89,22,73,99,99,103,112
680-19,,,,110,?,1-9,NV,7,,8,54,58,102,110,109,110,112
680-20,,,,100,?,11-19,NV,38,,34,88,22,70,100,100,104,112
680-21,,,,110,?,1-9,NV,9,,24,82,28,86,110,109,110,112
680-22,,,,100,?,11-19,NV,31,,19,87,18,82,100,100,102,112
680-23,,,,110,?,1-9,NV,9,,,2,109,109,110,109,110,112
680-24,,,,100,?,11-19,NV,53,,38,96,7,65,100,73,104,113
680-25,,,,110,?,1-9,NV,20,,7,69,42,103,110,110,110,113
680-26,,,,100,?,11-19,NV,35,,30,92,12,73,100,100,103,113
680-27,,,,110,111,8-9,NV,10,,9,83,28,102,111,111,111,113
680-28,,,,100,101,18-19,NV,44,,31,91,11,72,101,100,103,113
680-29,,,,111,?,1-8,NV,7,,9,64,47,101,111,111,111,111
680-30,,,,101,?,10-18,NV,34,,40,94,9,64,101,101,105,113
680-31,,,,111,?,1-8,NV,5,,,,111,111,111,111,111,111
680-32,,,,101,?,10-18,NV,34,,20,87,18,82,101,101,103,113
680-34,,,,101,?,10-18,NV,29,,38,84,20,66,101,101,105,112
680-36,,,,101,102,17-18,NV,39,,33,88,24,71,102,101,105,112
680-38,,,,102,?,9-17,NV,36,,32,92,18,72,102,101,105,113
680-40,,,,102,?,9-17,NV,24,,15,87,19,89,102,102,104,112
680-41,,,,,,,,1,,,,111,111,111,111,111,111
680-42,,,,102,?,9-17,NV,30,,27,83,25,78,102,102,105,113
680-44,,,,102,103,16-17,NV,27,,11,94,13,92,102,102,103,107
680-45,,,,,,,,1,,,,113,113,113,113,113,113
680-46,,,,103,?,8-16,NV,23,,21,91,12,83,103,102,104,112
680-48,,,,103,?,8-16,NV,21,,19,78,29,85,103,103,105,110
680-50,,,,103,?,8-16,NV,23,,15,81,26,89,103,103,104,112
680-52,,,,103,?,8-16,NV,30,,20,89,16,84,103,103,104,111
680-54,,,,103,104,15-16,NV,23,,5,71,34,100,104,103,105,113
680-56,,,,104,?,7-15,NV,16,,11,72,36,95,104,104,106,112
680-58,,,,104,?,7-15,NV,17,,14,75,29,90,104,104,105,112
680-60,,,,104,?,7-15,NV,18,,30,85,27,76,104,104,107,112
680-62,,,,104,105,14-15,NV,10,1,9,60,51,97,104,105,106,111
680-64,,,,105,?,6-14,NV,21,,18,83,24,87,105,104,106,112
680-66,,,,105,?,6-14,NV,16,,13,81,25,93,105,104,106,112
680-68,,,,105,?,6-14,NV,12,,7,83,26,98,105,105,105,109
680-70,,,,105,?,6-14,NV,27,,11,74,33,95,105,105,107,111
680-72,,,,105,106,13-14,NV,14,,15,61,47,91,106,105,107,111
680-74,,,,106,?,5-13,NV,8,,4,23,83,102,106,106,106,111
680-76,,,,106,?,5-13,NV,12,,14,75,32,93,106,106,107,112
680-78,,,,106,?,5-13,NV,9,,14,70,42,93,106,106,108,112
680-80,,,,106,?,5-13,NV,11,,17,81,31,90,106,106,108,113
680-82,,,,106,107,12-13,NV,5,,,1,106,106,107,107,107,107
680-84,,,,107,?,4-12,NV,10,,17,80,31,91,107,106,109,112
680-86,,,,107,?,4-12,NV,4,,19,79,28,87,107,106,106,107
680-88,,,,107,?,4-12,NV,5,,28,80,32,80,107,107,109,112
680-89,,,,,,,,1,,,,111,111,111,111,111,111
680-90,,,,107,?,4-12,NV,10,,33,79,32,76,107,107,109,112
680-92,,,,107,108,11-12,NV,7,,9,53,58,100,107,107,109,111
680-93,,,,,,,,1,,,,112,112,112,112,112,112
680-94,,,,108,?,3-11,NV,6,,16,75,35,91,108,107,108,110
680-96,,,,108,?,3-11,NV,15,,5,61,51,103,108,107,109,112
680-98,,,,108,?,3-11,NV,6,,9,51,58,99,108,108,109,113
681-01,,,,102,?,9-17,NC,27,,10,70,40,94,102,102,104,111
681-03,,,,103,104,15-16,NC,30,,12,81,25,93,103,103,105,112
681-05,,,,104,?,7-15,NC,33,,7,87,17,98,104,104,105,111
681-07,,,,104,105,14-15,NC,35,,7,63,42,99,104,104,106,112
681-09,,,,105,106,13-14,NC,34,,6,87,23,101,105,105,107,113
681-10,,,,106,?,5-13,NC,43,,18,86,22,89,106,106,107,113
681-11,,,,,,,,2,,,,111,111,111,111,111,111
681-12,,,,106,107,12-13,NC,33,,1,6,106,106,106,106,107,112
681-14,,,,107,108,11-12,NC,24,,13,84,26,95,107,107,108,112
681-15,,,,,,,,1,,,,111,111,111,111,111,111
681-16,,,,108,?,3-11,NC,21,,11,84,27,97,108,108,109,112
681-18,,,,108,109,10-11,NC,21,,14,83,30,94,108,108,109,113
681-20,,,,109,110,9-10,NC,16,,5,68,43,104,109,109,110,112
681-22,,,,110,?,1-9,NC,20,,11,77,34,99,110,110,110,112
681-24,,,,110,111,8-9,NC,19,,,1,110,110,110,110,110,111
681-25,,,,,,,,2,,,,112,112,112,112,112,112
681-31,,,,,,,,1,,,,112,112,112,112,112,112
681-39,,,,,,,,1,,,,112,112,112,112,112,112
681-45,,,,,,,,1,,,,113,113,113,113,113,113
681-46,,,,,,,,1,81,81,81,31,31,31,112,112,112
681-53,,,,,,,,1,1,1,1,111,111,111,112,112,112
681-57,,,,,,,,1,,,,112,112,112,112,112,112
681-70,,,,,,,,1,,,,112,112,112,112,112,112
681-73,,,,,,,,1,,,,112,112,112,112,112,112
681-75,,,,,,,,1,1,1,1,111,111,111,112,112,112
681-79,,,,,,,,1,,,,113,113,113,113,113,113
681-82,,,,,,,,1,,,,112,112,112,112,112,112
681-87,,,,,,,,1,,,,112,112,112,112,112,112
681-88,,,,,,,,1,,,,112,112,112,112,112,112
681-89,,,,,,,,1,,,,112,112,112,112,112,112
681-94,,,,,,,,1,,,,112,112,112,112,112,112
681-98,,,,,,,,1,1,1,1,112,112,112,113,113,113
682-01,,,,103,?,8-16,NC,44,,17,95,8,87,102,102,104,112
682-03,,,,103,104,15-16,NC,38,,12,84,26,93,103,103,105,113
682-05,,,,104,105,14-15,NC,27,,1,9,104,104,105,104,105,113
682-07,,,,105,?,6-14,NC,28,,11,89,19,96,105,104,107,113
682-09,,,,105,106,13-14,NC,21,,9,72,38,97,105,105,106,112
682-10,,,,106,?,5-13,NC,24,,1,5,106,106,106,106,107,111
682-11,,,,,,,,1,,,,112,112,112,112,112,112
682-12,,,,106,107,12-13,NC,27,,2,34,78,105,107,106,107,112
682-14,,,,107,108,11-12,NC,21,,6,63,48,102,107,107,108,112
682-16,,,,108,?,3-11,NC,24,,5,59,50,103,108,107,108,112
682-18,,,,108,109,10-11,NC,25,,4,71,39,105,108,108,109,112
682-19,,,,,,,,1,,,,113,113,113,113,113,113
682-20,,,,109,110,9-10,NC,17,,8,62,48,101,109,109,109,112
682-22,,,,110,?,1-9,NC,16,,11,67,46,99,110,110,110,113
682-24,,,,110,111,8-9,NC,17,,9,93,19,101,110,110,111,112
682-29,,,,,,,,1,1,1,1,111,111,111,112,112,112
682-31,,,,,,,,1,,,,112,112,112,112,112,112
682-33,,,,,,,,1,,,,112,112,112,112,112,112
682-39,,,,,,,,2,,,,112,112,112,112,112,112
682-49,,,,,,,,1,1,1,1,112,112,112,113,113,113
682-55,,,,,,,,1,,,,113,113,113,113,113,113
682-57,,,,,,,,1,,,,112,112,112,112,112,112
682-64,,,,,,,,1,1,1,1,112,112,112,113,113,113
682-65,,,,,,,,1,1,1,1,112,112,112,113,113,113
682-67,,,,,,,,1,,,,112,112,112,112,112,112
682-68,,,,,,,,1,1,1,1,112,112,112,113,113,113
682-71,,,,,,,,1,,,,112,112,112,112,112,112
682-83,,,,,,,,1,,,,113,113,113,113,113,113
682-86,,,,,,,,1,,,,112,112,112,112,112,112
682-98,,,,,,,,1,,,,112,112,112,112,112,112
683-01,,,,103,?,8-16,NC,32,,9,75,35,96,103,101,105,112
683-03,,,,103,104,15-16,NC,26,,9,91,14,95,103,103,105,111
683-05,,,,104,105,14-15,NC,34,,16,91,16,88,104,43,105,113
683-07,,,,105,?,6-14,NC,19,,14,90,16,91,105,104,105,112
683-09,,,,105,106,13-14,NC,33,,7,74,36,100,105,105,107,113
683-10,,,,106,107,12-13,NC,31,,6,74,36,100,106,106,107,112
683-12,,,,107,?,4-12,NC,25,,11,97,15,97,107,107,108,112
683-14,,,,107,108,11-12,NC,25,,17,74,37,91,107,107,109,113
683-16,,,,108,109,10-11,NC,28,,9,97,13,99,108,108,108,113
683-18,,,,109,?,2-10,NC,26,,9,78,31,99,109,108,109,112
683-20,,,,109,110,9-10,NC,21,,6,62,48,103,109,109,109,112
683-22,,,,110,111,8-9,NC,22,,10,84,26,100,110,110,110,113
683-23,,,,,,,,1,,,,111,111,111,111,111,111
683-24,,,,111,?,1-8,NC,17,,,2,110,110,111,110,111,113
683-25,,,,,,,,1,,,,113,113,113,113,113,113
683-34,,,,,,,,1,,,,112,112,112,112,112,112
683-40,,,,,,,,1,,,,113,113,113,113,113,113
683-43,,,,,,,,2,,,1,111,111,112,112,112,112
683-44,,,,,,,,1,,,,112,112,112,112,112,112
683-46,,,,,,,,1,1,1,1,111,111,111,112,112,112
683-49,,,,,,,,1,,,,113,113,113,113,113,113
683-58,,,,,,,,1,,,,112,112,112,112,112,112
683-68,,,,,,,,1,1,1,1,111,111,111,112,112,112
683-71,,,,,,,,1,,,,112,112,112,112,112,112
683-73,,,,,,,,1,,,,112,112,112,112,112,112
683-85,,,,,,,,1,,,,111,111,111,111,111,111
683-93,,,,,,,,1,,,,112,112,112,112,112,112
684-01,,,,103,?,8-16,NC,36,,14,84,20,91,103,102,105,113
684-03,,,,103,104,15-16,NC,26,,11,69,39,94,103,103,106,113
684-05,,,,104,105,14-15,NC,25,,14,74,34,92,104,104,106,112
684-06,,,,,,,,1,5,5,5,107,107,107,112,112,112
684-07,,,,105,?,6-14,NC,20,,9,79,28,96,105,105,106,112
684-09,,,,105,106,13-14,NC,25,,10,90,21,97,105,105,107,111
684-10,,,,106,107,12-13,NC,20,,3,40,72,103,106,106,107,112
684-12,,,,107,?,4-12,NC,25,,9,68,39,98,107,106,107,113
684-14,,,,107,108,11-12,NC,23,,3,56,54,104,107,107,108,112
684-16,,,,108,109,10-11,NC,17,,,4,108,108,108,108,108,112
684-18,,,,109,?,2-10,NC,25,,6,74,36,103,109,109,109,113
684-20,,,,109,110,9-10,NC,8,,10,83,29,99,109,109,109,112
684-22,,,,110,111,8-9,NC,15,,10,89,23,100,110,110,110,113
684-23,,,,,,,,1,,,,112,112,112,112,112,112
684-24,,,,111,?,1-8,NC,16,,4,70,41,106,111,110,111,112
684-28,,,,,,,,1,,,,111,111,111,111,111,111
684-31,,,,,,,,1,1,1,1,111,111,111,112,112,112
684-47,,,,,,,,1,,,,112,112,112,112,112,112
684-50,,,,,,,,1,,,,112,112,112,112,112,112
684-51,,,,,,,,2,,,,111,111,111,111,111,111
684-57,,,,,,,,1,69,69,69,42,42,42,111,111,111
684-63,,,,,,,,1,1,1,1,112,112,112,113,113,113
684-64,,,,,,,,1,1,1,1,111,111,111,112,112,112
684-73,,,,,,,,1,1,1,1,111,111,111,112,112,112
684-78,,,,,,,,2,,,,111,112,113,111,112,113
685-01,,,,103,?,8-16,NC,27,,15,77,29,90,103,102,106,112
685-03,,,,103,104,15-16,NC,26,,14,90,20,92,103,103,106,112
685-05,,,,104,105,14-15,NC,21,,11,71,37,94,104,104,105,111
685-07,,,,105,?,6-14,NC,33,,9,66,46,98,105,104,107,112
685-09,,,,105,106,13-14,NC,35,,9,86,23,97,105,105,106,112
685-10,,,,106,107,12-13,NC,22,,5,67,45,103,106,106,108,113
685-12,,,,107,?,4-12,NC,35,,8,81,26,99,107,107,107,112
685-14,,,,107,108,11-12,NC,19,,4,62,51,104,107,107,108,113
685-16,,,,108,109,10-11,NC,40,,5,75,35,103,108,108,108,112
685-17,,,,,,,,1,,,,111,111,111,111,111,111
685-18,,,,109,?,2-10,NC,30,,4,68,44,105,109,109,109,112
685-20,,,,109,110,9-10,NC,21,,4,65,45,105,109,109,109,112
685-22,,,,110,111,8-9,NC,15,,7,51,61,103,110,110,110,113
685-24,,,,111,?,1-8,NC,19,,,1,111,111,111,111,111,112
685-50,,,,,,,,1,,,,111,111,111,111,111,111
685-79,,,,,,,,1,1,1,1,111,111,111,112,112,112
685-95,,,,,,,,1,,,,111,111,111,111,111,111
686-01,,,,103,?,8-16,NC,28,,17,84,29,89,103,103,106,113
686-03,,,,103,104,15-16,NC,34,,11,87,25,94,104,103,105,112
686-05,,,,104,105,14-15,NC,34,,11,68,43,94,104,103,106,111
686-07,,,,105,?,6-14,NC,31,,6,69,41,100,105,105,106,112
686-09,,,,105,106,13-14,NC,25,,11,72,34,95,105,105,107,113
686-10,,,,106,107,12-13,NC,28,,11,70,41,96,106,106,107,113
686-12,,,,107,?,4-12,NC,26,,9,81,31,98,107,107,108,113
686-13,,,,,,,,1,87,87,87,26,26,26,113,113,113
686-14,,,,107,108,11-12,NC,28,,8,69,42,100,107,107,108,112
686-16,,,,108,109,10-11,NC,32,,11,87,23,98,108,108,109,113
686-18,,,,109,?,2-10,NC,22,,9,81,30,100,109,109,109,112
686-19,,,,,,,,1,,,,112,112,112,112,112,112
686-20,,,,109,110,9-10,NC,16,,8,79,33,101,109,109,110,112
686-21,,,,,,,,1,,,,112,112,112,112,112,112
686-22,,,,110,111,8-9,NC,22,,3,66,46,107,110,110,110,112
686-24,,,,111,?,1-8,NC,17,,,2,111,111,111,111,111,113
686-36,,,,,,,,1,81,81,81,31,31,31,112,112,112
686-37,,,,,,,,1,,,,112,112,112,112,112,112
686-41,,,,,,,,1,16,16,16,96,96,96,112,112,112
686-49,,,,,,,,2,,,,109,111,113,109,111,113
686-52,,,,,,,,1,1,1,1,111,111,111,112,112,112
686-59,,,,,,,,1,,,,111,111,111,111,111,111
686-69,,,,,,,,1,1,1,1,111,111,111,112,112,112
686-78,,,,,,,,1,2,2,2,111,111,111,113,113,113
686-89,,,,,,,,1,,,,112,112,112,112,112,112
686-93,,,,,,,,1,,,,111,111,111,111,111,111
686-95,,,,,,,,1,,,,112,112,112,112,112,112
686-98,,,,,,,,1,1,1,1,112,112,112,113,113,113
687-01,,,,103,?,8-16,NC,36,,16,92,17,89,103,103,105,112
687-03,,,,103,104,15-16,NC,37,,20,83,22,85,103,103,106,113
687-05,,,,104,105,14-15,NC,40,,14,83,30,92,104,104,106,113
687-07,,,,105,?,6-14,NC,23,,9,81,29,97,105,105,107,112
687-09,,,,105,106,13-14,NC,35,,11,78,28,95,106,105,107,112
687-10,,,,106,107,12-13,NC,28,,10,70,42,97,106,106,108,113
687-12,,,,107,108,11-12,NC,18,,11,90,21,96,107,107,108,112
687-14,,,,108,?,3-11,NC,29,,6,56,56,101,107,107,108,112
687-16,,,,108,109,10-11,NC,28,,6,42,68,103,108,108,109,111
687-17,,,,,,,,1,,,,112,112,112,112,112,112
687-18,,,,109,?,2-10,NC,18,,7,63,50,102,109,109,110,113
687-19,,,,,,,,1,,,,112,112,112,112,112,112
687-20,,,,109,110,9-10,NC,16,,1,6,104,108,109,109,110,113
687-22,,,,110,111,8-9,NC,19,,18,94,17,91,110,110,110,113
687-23,,,,,,,,1,,,,111,111,111,111,111,111
687-24,,,,111,?,1-8,NC,20,,4,92,21,106,111,111,111,113
687-25,,,,,,,,1,,,,111,111,111,111,111,111
687-36,,,,,,,,1,1,1,1,112,112,112,113,113,113
687-39,,,,,,,,1,2,2,2,111,111,111,113,113,113
687-47,,,,,,,,1,,,,111,111,111,111,111,111
687-57,,,,,,,,1,,,,113,113,113,113,113,113
687-63,,,,,,,,1,1,1,1,111,111,111,112,112,112
687-68,,,,,,,,1,,,,111,111,111,111,111,111
687-78,,,,,,,,1,,,,111,111,111,111,111,111
687-84,,,,,,,,1,,,,111,111,111,111,111,111
687-87,,,,,,,,1,47,47,47,66,66,66,113,113,113
688-01,,,,103,104,15-16,NC,40,,5,65,46,100,103,103,105,113
688-03,,,,104,?,7-15,NC,27,,4,83,22,100,104,103,105,111
688-04,,,,,,,,1,,,,112,112,112,112,112,112
688-05,,,,104,105,14-15,NC,26,,11,78,34,94,104,104,106,113
688-07,,,,105,106,13-14,NC,26,,7,72,39,99,105,105,107,113
688-09,,,,106,?,5-13,NC,38,,8,76,32,98,106,105,107,113
688-10,,,,106,107,12-13,NC,27,,8,85,23,99,106,106,107,113
688-12,,,,107,108,11-12,NC,28,,5,74,36,102,107,107,108,113
688-14,,,,108,?,3-11,NC,25,,10,78,30,98,108,107,108,113
688-16,,,,108,109,10-11,NC,31,,9,75,35,100,108,108,109,113
688-18,,,,109,110,9-10,NC,24,,5,70,39,104,109,109,109,113
688-20,,,,110,?,1-9,NC,22,,2,32,78,107,110,109,110,112
688-22,,,,110,111,8-9,NC,23,,5,59,53,105,110,110,111,113
688-24,,,,111,?,1-8,NC,18,,,1,111,111,111,111,111,112
688-38,,,,,,,,1,82,82,82,30,30,30,112,112,112
688-39,,,,,,,,1,1,1,1,112,112,112,113,113,113
688-48,,,,,,,,1,1,1,1,111,111,111,112,112,112
688-50,,,,,,,,1,1,1,1,112,112,112,113,113,113
688-57,,,,,,,,1,1,1,1,112,112,112,113,113,113
688-59,,,,,,,,1,,,,112,112,112,112,112,112
688-63,,,,,,,,1,1,1,1,111,111,111,112,112,112
688-68,,,,,,,,1,,,,112,112,112,112,112,112
688-85,,,,,,,,1,,,,113,113,113,113,113,113
688-88,,,,,,,,1,2,2,2,111,111,111,113,113,113
688-91,,,,,,,,1,,,,112,112,112,112,112,112
688-96,,,,,,,,1,1,1,1,111,111,111,112,112,112
689-01,,,,103,104,15-16,NC,35,,11,70,43,93,103,103,105,113
689-03,,,,104,?,7-15,NC,31,,7,71,42,98,104,102,106,113
689-05,,,,104,105,14-15,NC,30,,7,90,22,98,104,104,105,112
689-07,,,,105,106,13-14,NC,28,,8,85,20,98,105,105,107,113
689-08,,,,,,,,1,1,1,1,111,111,111,112,112,112
689-09,,,,106,?,5-13,NC,26,,6,80,33,100,106,105,107,113
689-10,,,,106,107,12-13,NC,24,,3,66,43,103,106,106,107,112
689-11,,,,,,,,1,,,,113,113,113,113,113,113
689-12,,,,107,108,11-12,NC,30,,6,69,38,101,107,107,107,113
689-14,,,,108,?,3-11,NC,29,,3,72,38,105,108,107,108,113
689-16,,,,108,109,10-11,NC,22,,6,72,37,102,108,108,109,113
689-18,,,,109,110,9-10,NC,34,,2,63,48,107,109,109,109,112
689-20,,,,110,?,1-9,NC,20,,9,73,39,101,110,110,110,112
689-22,,,,110,111,8-9,NC,19,,6,62,50,104,110,110,110,112
689-24,,,,111,?,1-8,NC,17,,,1,111,111,111,111,111,112
689-34,,,,,,,,1,,,,111,111,111,111,111,111
689-38,,,,,,,,1,1,1,1,111,111,111,112,112,112
689-46,,,,,,,,1,1,1,1,112,112,112,113,113,113
689-50,,,,,,,,1,,,,112,112,112,112,112,112
689-61,,,,,,,,1,,,,112,112,112,112,112,112
689-62,,,,,,,,1,1,1,1,111,111,111,112,112,112
689-85,,,,,,,,1,,,,112,112,112,112,112,112
689-91,,,,,,,,2,,,,111,111,112,111,111,112
689-94,,,,,,,,1,1,1,1,111,111,111,112,112,112
689-95,,,,,,,,2,1,32,64,48,80,112,112,112,113
690-01,,,,103,104,15-16,NC,30,,15,91,19,90,103,103,105,112
690-03,,,,104,?,7-15,NC,30,,14,95,16,92,105,103,106,112
690-05,,,,104,105,14-15,NC,28,,7,83,29,98,105,104,106,112
690-06,,,,,,,,2,,,1,111,111,112,111,112,113
690-07,,,,105,106,13-14,NC,26,,10,78,32,95,105,105,106,112
690-09,,,,106,?,5-13,NC,33,,8,91,19,98,106,105,107,112
690-10,,,,106,107,12-13,NC,23,,10,74,38,97,106,106,108,113
690-12,,,,107,108,11-12,NC,24,,14,84,29,93,107,107,108,113
690-14,,,,108,?,3-11,NC,24,,11,65,46,97,108,107,108,112
690-16,,,,108,109,10-11,NC,21,,1,4,108,108,108,108,109,112
690-18,,,,109,110,9-10,NC,22,,6,65,45,103,109,109,110,112
690-20,,,,110,?,1-9,NC,28,,12,85,28,98,110,110,110,113
690-22,,,,110,111,8-9,NC,25,,1,3,110,110,110,110,111,113
690-25,,,,,,,,1,37,37,37,76,76,76,113,113,113
690-27,,,,,,,,1,,,,112,112,112,112,112,112
690-34,,,,,,,,1,,,,113,113,113,113,113,113
690-46,,,,,,,,1,,,,113,113,113,113,113,113
690-60,,,,,,,,1,,,,111,111,111,111,111,111
690-61,,,,,,,,1,,,,113,113,113,113,113,113
690-78,,,,,,,,1,1,1,1,111,111,111,112,112,112
690-79,,,,,,,,1,1,1,1,112,112,112,113,113,113
690-82,,,,,,,,1,1,1,1,111,111,111,112,112,112
690-86,,,,,,,,1,,,,113,113,113,113,113,113
691-01,,,,104,105,14-15,VA,21,,5,61,50,100,104,104,106,111
691-02,,,,,,,,1,,,,112,112,112,112,112,112
691-03,,,,105,106,13-14,VA,27,,16,89,20,90,105,105,107,113
691-05,,,,106,107,12-13,VA,30,,16,94,17,91,106,106,107,112
691-07,,,,107,?,4-12,VA,17,,16,74,35,91,107,106,108,112
691-09,,,,107,108,11-12,VA,19,,23,83,27,85,107,107,109,112
691-10,,,,108,109,10-11,VA,15,,3,45,68,105,108,108,108,113
691-11,,,,,,,,1,1,1,1,111,111,111,112,112,112
691-12,,,,109,?,2-10,VA,17,,2,29,84,107,109,109,109,113
691-14,,,,109,110,9-10,VA,17,,5,79,32,104,109,109,110,112
691-15,,,,,,,,1,,,,113,113,113,113,113,113
691-16,,,,110,111,8-9,VA,18,,3,58,54,106,110,110,110,112
691-18,,,,111,?,1-8,VA,10,,5,46,66,105,111,111,111,112
691-21,,,,,,,,1,1,1,1,111,111,111,112,112,112
691-35,,,,,,,,1,1,1,1,112,112,112,113,113,113
691-55,,,,,,,,1,,,,112,112,112,112,112,112
691-59,,,,,,,,1,1,1,1,111,111,111,112,112,112
691-72,,,,,,,,1,,,,111,111,111,111,111,111
691-75,,,,,,,,1,1,1,1,112,112,112,113,113,113
691-85,,,,,,,,1,,,,112,112,112,112,112,112
691-88,,,,,,,,1,1,1,1,112,112,112,113,113,113
691-91,,,,,,,,1,,,,112,112,112,112,112,112
691-97,,,,,,,,1,,,,112,112,112,112,112,112
692-01,,,,104,105,14-15,VA,31,,17,78,32,89,104,104,106,112
692-03,,,,105,106,13-14,VA,20,,15,82,27,91,105,105,107,112
692-05,,,,106,107,12-13,VA,17,,5,81,28,101,106,106,106,113
692-07,,,,107,?,4-12,VA,36,,12,95,12,95,107,106,108,113
692-09,,,,107,108,11-12,VA,28,,6,66,43,101,107,107,108,113
692-10,,,,108,109,10-11,VA,19,,10,89,22,98,108,108,109,113
692-11,,,,,,,,1,1,1,1,112,112,112,113,113,113
692-12,,,,109,?,2-10,VA,17,,2,37,74,106,109,109,109,113
692-14,,,,109,110,9-10,VA,16,1,3,35,77,107,109,110,110,113
692-16,,,,110,111,8-9,VA,19,,6,65,47,104,110,110,110,112
692-18,,,,111,?,1-8,VA,5,,16,77,36,96,111,111,112,113
692-20,,,,,,,,1,,,,112,112,112,112,112,112
692-21,,,,,,,,1,,,,112,112,112,112,112,112
692-24,,,,,,,,3,,22,67,46,90,113,111,112,113
692-33,,,,,,,,1,1,1,1,112,112,112,113,113,113
692-40,,,,,,,,1,58,58,58,54,54,54,112,112,112
692-50,,,,,,,,1,1,1,1,111,111,111,112,112,112
692-53,,,,,,,,1,,,,112,112,112,112,112,112
692-57,,,,,,,,1,,,,111,111,111,111,111,111
692-64,,,,,,,,1,,,,112,112,112,112,112,112
692-71,,,,,,,,1,,,,112,112,112,112,112,112
692-72,,,,,,,,1,,,,113,113,113,113,113,113
692-73,,,,,,,,1,,,,112,112,112,112,112,112
692-74,,,,,,,,2,,42,84,28,70,112,112,112,112
692-83,,,,,,,,1,1,1,1,111,111,111,112,112,112
692-84,,,,,,,,1,1,1,1,112,112,112,113,113,113
692-96,,,,,,,,1,,,,112,112,112,112,112,112
693-01,,,,105,?,6-14,VA,28,,10,65,45,96,105,104,106,113
693-03,,,,105,106,13-14,VA,29,,19,87,23,88,105,105,107,113
693-05,,,,106,107,12-13,VA,28,,30,94,16,78,106,106,108,113
693-07,,,,107,?,4-12,VA,29,,10,88,21,97,107,107,108,113
693-09,,,,107,108,11-12,VA,27,,8,81,30,100,107,107,108,112
693-10,,,,108,109,10-11,VA,15,,1,5,108,108,108,108,109,113
693-11,,,,,,,,1,,,,112,112,112,112,112,112
693-12,,,,109,110,9-10,VA,19,,11,70,40,97,109,109,109,112
693-14,,,,110,?,1-9,VA,18,,6,56,54,104,110,110,110,112
693-16,,,,110,111,8-9,VA,13,,1,3,110,110,110,110,111,113
693-27,,,,,,,,1,,,,112,112,112,112,112,112
693-28,,,,,,,,1,,,,112,112,112,112,112,112
693-35,,,,,,,,1,,,,111,111,111,111,111,111
693-38,,,,,,,,1,1,1,1,111,111,111,112,112,112
693-52,,,,,,,,1,,,,111,111,111,111,111,111
693-58,,,,,,,,1,,,,112,112,112,112,112,112
693-62,,,,,,,,1,,,,112,112,112,112,112,112
693-78,,,,,,,,1,,,,112,112,112,112,112,112
693-85,,,,,,,,1,75,75,75,38,38,38,113,113,113
694-01,,,,105,?,6-14,VA,26,,6,87,18,100,105,105,106,113
694-03,,,,105,106,13-14,VA,29,,19,93,17,88,105,105,107,113
694-05,,,,106,107,12-13,VA,21,,9,92,17,98,106,106,107,112
694-07,,,,107,?,4-12,VA,21,,9,98,15,99,107,107,108,113
694-09,,,,107,108,11-12,VA,23,,5,58,55,103,107,107,108,113
694-10,,,,108,109,10-11,VA,16,,16,95,17,93,108,108,110,112
694-12,,,,109,110,9-10,VA,15,,5,69,41,104,109,109,109,111
694-14,,,,110,?,1-9,VA,8,,8,70,40,101,110,110,110,110
694-16,,,,110,111,8-9,VA,15,,11,92,18,99,110,110,111,112
694-17,,,,,,,,1,,,,112,112,112,112,112,112
694-22,,,,,,,,1,1,1,1,111,111,111,112,112,112
694-23,,,,,,,,1,1,1,1,112,112,112,113,113,113
694-25,,,,,,,,1,,,,112,112,112,112,112,112
694-33,,,,,,,,1,1,1,1,112,112,112,113,113,113
694-43,,,,,,,,1,1,1,1,111,111,111,112,112,112
694-44,,,,,,,,1,,,,112,112,112,112,112,112
694-46,,,,,,,,1,,,,112,112,112,112,112,112
694-66,,,,,,,,1,,,,112,112,112,112,112,112
694-78,,,,,,,,1,1,1,1,112,112,112,113,113,113
694-83,,,,,,,,1,1,1,1,111,111,111,112,112,112
694-84,,,,,,,,1,,,,111,111,111,111,111,111
694-89,,,,,,,,1,1,1,1,111,111,111,112,112,112
694-97,,,,,,,,1,,,,111,111,111,111,111,111
695-01,,,,105,?,6-14,VA,23,,14,73,40,92,105,104,106,113
695-03,,,,105,106,13-14,VA,22,,6,78,33,100,105,105,107,111
695-05,,,,106,107,12-13,VA,22,,24,89,24,84,106,106,108,113
695-07,,,,107,108,11-12,VA,14,,13,98,10,94,107,106,108,113
695-09,,,,108,?,3-11,VA,30,,9,71,37,99,108,107,108,112
695-10,,,,108,109,10-11,VA,20,,1,5,108,108,108,108,109,113
695-12,,,,109,110,9-10,VA,21,,14,100,10,95,109,109,109,113
695-13,,,,,,,,1,1,1,1,112,112,112,113,113,113
695-14,,,,110,?,1-9,VA,22,,5,80,33,104,110,109,110,113
695-16,,,,110,111,8-9,VA,16,,1,3,110,110,110,110,111,113
695-21,,,,,,,,1,1,1,1,112,112,112,113,113,113
695-23,,,,,,,,1,1,1,1,111,111,111,112,112,112
695-29,,,,,,,,1,,,,112,112,112,112,112,112
695-32,,,,,,,,1,,,,111,111,111,111,111,111
695-35,,,,,,,,1,,,,112,112,112,112,112,112
695-42,,,,,,,,1,1,1,1,112,112,112,113,113,113
695-44,,,,,,,,1,,,,112,112,112,112,112,112
695-45,,,,,,,,1,1,1,1,112,112,112,113,113,113
695-48,,,,,,,,2,,,,111,111,112,111,111,112
695-53,,,,,,,,1,1,1,1,111,111,111,112,112,112
695-68,,,,,,,,2,,,1,111,111,112,111,112,113
695-69,,,,,,,,1,1,1,1,112,112,112,113,113,113
695-72,,,,,,,,1,,,,111,111,111,111,111,111
695-76,,,,,,,,1,,,,112,112,112,112,112,112
695-77,,,,,,,,1,1,1,1,112,112,112,113,113,113
695-86,,,,,,,,1,1,1,1,111,111,111,112,112,112
695-89,,,,,,,,1,1,1,1,112,112,112,113,113,113
695-91,,,,,,,,1,1,1,1,111,111,111,112,112,112
696-01,,,,105,106,13-14,VA,24,,18,93,17,87,105,105,106,111
696-03,,,,106,?,5-13,VA,28,,16,86,22,91,106,106,107,111
696-04,,,,,,,,2,1,13,26,85,98,111,111,111,112
696-05,,,,106,107,12-13,VA,17,,14,71,41,93,106,106,108,112
696-07,,,,107,108,11-12,VA,19,,8,83,29,99,107,107,108,112
696-09,,,,108,?,3-11,VA,23,,11,71,40,98,108,107,109,113
696-10,,,,108,109,10-11,VA,17,,8,50,59,101,108,108,109,111
696-12,,,,109,110,9-10,VA,19,,7,75,35,101,109,109,109,112
696-14,,,,110,111,8-9,VA,24,,4,101,11,105,110,110,110,112
696-15,,,,,,,,1,1,1,1,111,111,111,112,112,112
696-16,,,,111,?,1-8,VA,19,,2,30,82,109,111,110,111,113
696-21,,,,,,,,1,1,1,1,112,112,112,113,113,113
696-24,,,,,,,,1,,,,111,111,111,111,111,111
696-25,,,,,,,,1,,,,113,113,113,113,113,113
696-27,,,,,,,,1,1,1,1,112,112,112,113,113,113
696-30,,,,,,,,1,1,1,1,111,111,111,112,112,112
696-37,,,,,,,,1,1,1,1,111,111,111,112,112,112
696-50,,,,,,,,1,,,,112,112,112,112,112,112
696-53,,,,,,,,1,,,,112,112,112,112,112,112
696-56,,,,,,,,1,,,,112,112,112,112,112,112
696-61,,,,,,,,1,,,,112,112,112,112,112,112
696-65,,,,,,,,1,75,75,75,38,38,38,113,113,113
696-78,,,,,,,,1,1,1,1,112,112,112,113,113,113
696-82,,,,,,,,1,1,1,1,111,111,111,112,112,112
696-84,,,,,,,,1,1,1,1,111,111,111,112,112,112
696-92,,,,,,,,1,,,,112,112,112,112,112,112
696-95,,,,,,,,1,90,90,90,23,23,23,113,113,113
697-01,,,,105,106,13-14,VA,24,,28,89,17,78,105,105,106,112
697-03,,,,106,?,5-13,VA,36,,16,87,21,90,106,106,107,112
697-05,,,,106,107,12-13,VA,25,,11,76,35,96,106,106,107,113
697-07,,,,107,108,11-12,VA,17,,8,75,36,100,107,107,108,113
697-09,,,,108,?,3-11,VA,24,,7,81,28,101,108,107,108,113
697-10,,,,108,109,10-11,VA,21,,4,65,46,104,108,108,108,111
697-12,,,,109,110,9-10,VA,12,,7,53,57,101,109,109,109,110
697-14,,,,110,111,8-9,VA,23,,5,61,51,105,110,110,110,112
697-16,,,,111,?,1-8,VA,20,,3,62,49,107,111,110,111,113
697-36,,,,,,,,1,1,1,1,111,111,111,112,112,112
697-46,,,,,,,,1,,,,112,112,112,112,112,112
697-56,,,,,,,,1,,,,111,111,111,111,111,111
697-60,,,,,,,,1,78,78,78,35,35,35,113,113,113
697-67,,,,,,,,1,,,,112,112,112,112,112,112
697-68,,,,,,,,1,,,,112,112,112,112,112,112
697-74,,,,,,,,1,,,,112,112,112,112,112,112
697-76,,,,,,,,1,,,,112,112,112,112,112,112
697-80,,,,,,,,1,1,1,1,111,111,111,112,112,112
697-96,,,,,,,,1,,,,112,112,112,112,112,112
698-01,,,,105,106,13-14,VA,25,,14,78,33,92,105,105,106,112
698-02,,,,,,,,1,,,,111,111,111,111,111,111
698-03,,,,106,?,5-13,VA,31,,13,82,27,94,106,105,107,113
698-05,,,,106,107,12-13,VA,24,,1,3,106,106,106,106,107,109
698-07,,,,107,108,11-12,VA,16,,,3,107,107,107,107,107,110
698-09,,,,,,,,26,,10,92,17,97,108,108,108,112
698-10,,,,,,,,19,,18,75,37,91,109,109,110,113
698-12,,,,,,,,26,,11,87,25,99,109,109,110,113
698-14,,,,,,,,20,,,2,110,110,110,110,110,112
698-16,,,,,,,,16,,8,70,42,103,111,111,111,113
698-22,,,,,,,,1,,,,112,112,112,112,112,112
698-38,,,,,,,,1,,,,112,112,112,112,112,112
698-45,,,,,,,,1,2,2,2,111,111,111,113,113,113
698-48,,,,,,,,1,1,1,1,111,111,111,112,112,112
698-50,,,,,,,,1,1,1,1,112,112,112,113,113,113
698-57,,,,,,,,1,1,1,1,112,112,112,113,113,113
698-60,,,,,,,,1,,,,112,112,112,112,112,112
698-69,,,,,,,,1,1,1,1,111,111,111,112,112,112
698-73,,,,,,,,1,,,,112,112,112,112,112,112
698-78,,,,,,,,1,,,,112,112,112,112,112,112
698-82,,,,,,,,1,,,,111,111,111,111,111,111
698-86,,,,,,,,1,,,,112,112,112,112,112,112
699-01,,,,105,106,13-14,VA,17,,9,62,49,98,105,105,107,111
699-03,,,,106,?,5-13,VA,23,,18,95,11,88,106,106,107,111
699-04,,,,,,,,1,,,,112,112,112,112,112,112
699-05,,,,106,107,12-13,VA,26,1,13,94,18,94,106,107,108,113
699-07,,,,107,108,11-12,VA,25,,23,91,20,85,107,107,108,112
699-09,,,,108,109,10-11,VA,17,,5,72,36,103,108,108,108,112
699-10,,,,109,?,2-10,VA,32,,9,87,25,99,109,109,109,112
699-12,,,,109,110,9-10,VA,21,,14,83,30,95,109,109,110,113
699-14,,,,110,111,8-9,VA,25,,7,74,37,103,110,110,110,113
699-16,,,,111,?,1-8,VA,10,,8,79,34,103,111,111,111,113
699-45,,,,,,,,1,,,,112,112,112,112,112,112
699-51,,,,,,,,1,,,,112,112,112,112,112,112
699-55,,,,,,,,1,,,,112,112,112,112,112,112
699-59,,,,,,,,1,,,,112,112,112,112,112,112
699-66,,,,,,,,1,1,1,1,111,111,111,112,112,112
699-69,,,,,,,,1,1,1,1,112,112,112,113,113,113
699-85,,,,,,,,1,1,1,1,112,112,112,113,113,113
699-86,,,,,,,,1,,,,112,112,112,112,112,112
699-88,,,,,,,,1,,,,113,113,113,113,113,113
699-90,,,,,,,,1,87,87,87,25,25,25,112,112,112
699-91,,,,,,,,1,79,79,79,34,34,34,113,113,113
699-96,,,,,,,,1,88,88,88,25,25,25,113,113,113
699-97,,,,,,,,1,1,1,1,111,111,111,112,112,112
700-01,,51,63,36,50,81-99,Railroad Retirement Board,3041,29,79,105,-31,2,26,37,82,112
700-02,,,,,,,,1,,,,111,111,111,111,111,111
700-03,,51,63,36,50,81-99,Railroad Retirement Board,3188,24,76,106,-28,7,42,30,84,113
700-05,,51,63,36,50,81-99,Railroad Retirement Board,2490,,80,105,-32,2,29,10,82,113
700-06,,,,,,,,1,1,1,1,112,112,112,113,113,113
700-07,,51,63,36,50,81-99,Railroad Retirement Board,2537,33,80,106,-30,2,20,43,82,113
700-09,,51,63,36,50,81-99,Railroad Retirement Board,3062,26,78,110,-31,3,21,37,82,113
700-10,,51,63,36,50,81-99,Railroad Retirement Board,2509,14,79,105,-30,2,20,20,81,113
700-12,,51,63,36,50,81-99,Railroad Retirement Board,2399,28,79,103,-36,2,20,40,81,111
700-14,,51,63,36,50,81-99,Railroad Retirement Board,2218,31,79,102,-29,1,23,37,81,113
700-16,,51,63,36,50,81-99,Railroad Retirement Board,2850,,79,109,-31,1,20,1,80,112
700-18,,51,63,51,111,20-84,Railroad Retirement Board,2749,27,74,101,-30,9,28,41,84,113
700-22,,,,,,,,1,,,,111,111,111,111,111,111
700-23,,,,,,,,2,,,,111,111,112,111,111,112
700-34,,,,,,,,1,,,,112,112,112,112,112,112
700-36,,,,,,,,1,,,,111,111,111,111,111,111
700-42,,,,,,,,1,1,1,1,111,111,111,112,112,112
700-45,,,,,,,,1,1,1,1,111,111,111,112,112,112
700-54,,,,,,,,1,80,80,80,32,32,32,112,112,112
700-55,,,,,,,,1,87,87,87,25,25,25,112,112,112
700-66,,,,,,,,1,,,,113,113,113,113,113,113
700-70,,,,,,,,1,,,,112,112,112,112,112,112
700-82,,,,,,,,1,,,,112,112,112,112,112,112
700-93,,,,,,,,1,1,1,1,112,112,112,113,113,113
700-95,,,,,,,,2,,,,111,111,112,111,111,112
700-99,,,,,,,,1,,,,112,112,112,112,112,112