751-01,,,,104,105,14-15,HI,21,,23,89,21,84,105,103,107,113
751-02,,,,,,,,1,,,,112,112,112,112,112,112
751-03,,,,105,106,13-14,HI,10,,4,30,79,102,105,105,107,110
751-05,,,,106,107,12-13,HI,4,1,35,86,27,75,106,107,110,113
751-07,,,,107,?,4-12,HI,10,,11,60,48,95,107,104,107,112
751-09,,,,107,108,11-12,HI,8,1,30,78,32,78,107,108,109,111
751-10,,,,108,?,3-11,HI,7,,11,45,64,97,108,108,109,112
751-11,,,,,,,,1,1,1,1,111,111,111,112,112,112
751-12,,,,108,109,10-11,HI,7,1,6,32,81,104,109,109,110,113
751-14,,,,109,110,9-10,HI,6,1,29,85,25,82,109,110,111,113
751-15,,,,,,,,1,1,1,1,111,111,111,112,112,112
751-16,,,,110,111,8-9,HI,4,,,1,110,110,110,110,110,111
751-18,,,,111,?,1-8,HI,3,,,,110,110,111,110,110,111
751-21,,,,,,,,1,1,1,1,112,112,112,113,113,113
751-26,,,,,,,,1,,,,112,112,112,112,112,112
751-31,,,,,,,,1,,,,112,112,112,112,112,112
751-32,,,,,,,,2,,1,2,111,111,112,112,112,113
751-54,,,,,,,,1,,,,112,112,112,112,112,112
751-71,,,,,,,,1,1,1,1,111,111,111,112,112,112
751-74,,,,,,,,1,1,1,1,111,111,111,112,112,112
751-78,,,,,,,,1,90,90,90,22,22,22,112,112,112
751-79,,,,,,,,1,,,,112,112,112,112,112,112
751-82,,,,,,,,1,,,,112,112,112,112,112,112
751-86,,,,,,,,1,,,,113,113,113,113,113,113
751-91,,,,,,,,1,1,1,1,112,112,112,113,113,113
751-96,,,,,,,,1,65,65,65,47,47,47,112,112,112
752-01,,,,107,?,4-12,MS,37,,1,6,106,106,107,107,108,113
752-03,,,,107,109,10-12,MS,45,,3,82,29,105,107,107,108,113
752-05,,,,109,110,9-10,MS,39,,2,75,36,106,109,109,109,112
752-07,,,,110,111,8-9,MS,30,,,3,110,110,110,110,110,113
752-09,,,,111,?,1-8,MS,10,,,2,111,111,111,111,111,113
752-12,,,,,,,,1,,,,113,113,113,113,113,113
752-16,,,,,,,,1,1,1,1,111,111,111,112,112,112
752-19,,,,,,,,1,,,,111,111,111,111,111,111
752-22,,,,,,,,1,,,,113,113,113,113,113,113
752-30,,,,,,,,1,,,,112,112,112,112,112,112
752-33,,,,,,,,1,,,,111,111,111,111,111,111
752-34,,,,,,,,1,,,,111,111,111,111,111,111
752-48,,,,,,,,1,1,1,1,112,112,112,113,113,113
752-49,,,,,,,,1,,,,112,112,112,112,112,112
752-51,,,,,,,,1,1,1,1,112,112,112,113,113,113
752-57,,,,,,,,1,68,68,68,44,44,44,112,112,112
752-64,,,,,,,,1,1,1,1,112,112,112,113,113,113
752-68,,,,,,,,1,,,,111,111,111,111,111,111
752-69,,,,,,,,1,1,1,1,111,111,111,112,112,112
752-77,,,,,,,,2,,,,111,112,113,111,112,113
752-92,,,,,,,,1,2,2,2,111,111,111,113,113,113
752-95,,,,,,,,1,,,,112,112,112,112,112,112
752-98,,,,,,,,1,1,1,1,111,111,111,112,112,112
753-01,,,,107,108,11-12,MS,35,,2,61,47,105,107,107,107,111
753-03,,,,,,,,43,,2,59,53,106,108,108,108,112
753-05,,,,,,,,33,,,4,108,108,109,109,109,113
753-07,,,,,,,,36,,,3,110,110,111,110,110,113
753-10,,,,,,,,1,1,1,1,111,111,111,112,112,112
753-17,,,,,,,,1,,,,111,111,111,111,111,111
753-24,,,,,,,,2,,,,112,112,112,112,112,112
753-26,,,,,,,,1,,,,111,111,111,111,111,111
753-30,,,,,,,,1,,,,112,112,112,112,112,112
753-34,,,,,,,,1,1,1,1,111,111,111,112,112,112
753-35,,,,,,,,1,,,,111,111,111,111,111,111
753-49,,,,,,,,1,1,1,1,111,111,111,112,112,112
753-50,,,,,,,,2,,,,112,112,112,112,112,112
753-61,,,,,,,,1,,,,112,112,112,112,112,112
753-64,,,,,,,,1,,,,112,112,112,112,112,112
753-67,,,,,,,,1,,,,111,111,111,111,111,111
753-72,,,,,,,,1,1,1,1,111,111,111,112,112,112
753-73,,,,,,,,1,,,,111,111,111,111,111,111
753-76,,,,,,,,1,,,,112,112,112,112,112,112
753-80,,,,,,,,1,,,,112,112,112,112,112,112
753-82,,,,,,,,2,,,,112,112,112,112,112,112
753-83,,,,,,,,2,,,1,112,112,112,112,112,113
753-86,,,,,,,,1,1,1,1,112,112,112,113,113,113
753-93,,,,,,,,1,1,1,1,112,112,112,113,113,113
753-96,,,,,,,,1,1,1,1,112,112,112,113,113,113
754-01,,,,107,108,11-12,MS,28,,1,4,107,107,108,107,108,112
754-03,,,,108,109,10-11,MS,30,,1,24,88,107,108,108,108,112
754-05,,,,109,110,9-10,MS,33,,2,49,62,107,109,109,109,113
754-07,,,,110,111,8-9,MS,26,,3,83,30,106,110,110,110,113
754-17,,,,,,,,1,,,,113,113,113,113,113,113
754-19,,,,,,,,1,,,,111,111,111,111,111,111
754-21,,,,,,,,1,1,1,1,112,112,112,113,113,113
754-31,,,,,,,,1,,,,112,112,112,112,112,112
754-34,,,,,,,,1,1,1,1,111,111,111,112,112,112
754-41,,,,,,,,1,,,,112,112,112,112,112,112
754-48,,,,,,,,1,1,1,1,111,111,111,112,112,112
754-50,,,,,,,,1,,,,112,112,112,112,112,112
754-63,,,,,,,,1,,,,113,113,113,113,113,113
754-66,,,,,,,,1,1,1,1,111,111,111,112,112,112
754-72,,,,,,,,1,1,1,1,111,111,111,112,112,112
754-77,,,,,,,,1,2,2,2,111,111,111,113,113,113
754-79,,,,,,,,1,1,1,1,111,111,111,112,112,112
754-80,,,,,,,,2,,,,111,111,112,111,111,112
754-89,,,,,,,,1,,,,111,111,111,111,111,111
754-91,,,,,,,,1,,,,111,111,111,111,111,111
754-92,,,,,,,,1,,,,112,112,112,112,112,112
754-95,,,,,,,,1,,,,112,112,112,112,112,112
755-01,,,,108,?,3-11,MS,41,,1,46,63,106,108,107,108,113
755-02,,,,,,,,1,,,,112,112,112,112,112,112
755-03,,,,108,109,10-11,MS,26,,1,4,108,108,108,108,109,112
755-05,,,,109,110,9-10,MS,38,,1,4,109,109,109,109,110,113
755-07,,,,110,111,8-9,MS,27,,,3,110,110,111,110,111,113
755-12,,,,,,,,2,,,1,112,112,112,112,112,113
755-23,,,,,,,,1,1,1,1,111,111,111,112,112,112
755-24,,,,,,,,1,,,,111,111,111,111,111,111
755-25,,,,,,,,1,,,,112,112,112,112,112,112
755-33,,,,,,,,1,1,1,1,111,111,111,112,112,112
755-34,,,,,,,,1,,,,112,112,112,112,112,112
755-50,,,,,,,,1,1,1,1,111,111,111,112,112,112
755-63,,,,,,,,1,,,,111,111,111,111,111,111
755-64,,,,,,,,1,1,1,1,112,112,112,113,113,113
755-69,,,,,,,,1,,,,113,113,113,113,113,113
755-80,,,,,,,,1,1,1,1,111,111,111,112,112,112
755-82,,,,,,,,1,,,,113,113,113,113,113,113
755-83,,,,,,,,2,1,43,85,28,69,111,112,112,113
756-01,,,,105,106,13-14,TN,23,,6,67,39,100,105,105,107,113
756-03,,,,106,107,12-13,TN,38,,3,70,41,104,106,106,107,112
756-05,,,,107,108,11-12,TN,30,,11,78,33,96,107,107,108,113
756-07,,,,,,,,17,,4,76,37,103,108,108,108,113
756-09,,,,,,,,27,,1,4,108,108,108,108,109,112
756-10,,,,,,,,15,,6,72,39,104,109,109,110,112
756-11,,,,,,,,1,,,,112,112,112,112,112,112
756-12,,,,,,,,33,,1,33,80,109,110,110,110,113
756-14,,,,,,,,1,,,,113,113,113,113,113,113
756-24,,,,,,,,1,,,,112,112,112,112,112,112
756-26,,,,,,,,1,,,,113,113,113,113,113,113
756-28,,,,,,,,1,,,,110,110,110,110,110,110
756-39,,,,,,,,1,1,1,1,111,111,111,112,112,112
756-56,,,,,,,,1,76,76,76,36,36,36,112,112,112
756-57,,,,,,,,1,,,,111,111,111,111,111,111
756-61,,,,,,,,1,1,1,1,111,111,111,112,112,112
756-63,,,,,,,,1,82,82,82,31,31,31,113,113,113
756-65,,,,,,,,2,,,,111,112,113,111,112,113
756-67,,,,,,,,1,,,,112,112,112,112,112,112
756-78,,,,,,,,1,,,,112,112,112,112,112,112
756-84,,,,,,,,1,,,,112,112,112,112,112,112
756-91,,,,,,,,1,,,,111,111,111,111,111,111
756-94,,,,,,,,1,1,1,1,111,111,111,112,112,112
756-99,,,,,,,,1,,,,111,111,111,111,111,111
757-01,,,,105,106,13-14,TN,37,,3,65,44,102,105,105,106,112
757-03,,,,106,107,12-13,TN,34,,9,63,48,98,106,106,107,112
757-04,,,,,,,,1,,,,111,111,111,111,111,111
757-05,,,,107,108,11-12,TN,28,,8,75,34,99,107,107,108,112
757-07,,,,108,109,10-11,TN,28,,1,35,75,106,108,108,108,112
757-09,,,,109,?,2-10,TN,26,,3,86,25,105,109,108,109,111
757-10,,,,109,110,9-10,TN,26,,3,68,45,106,109,109,110,113
757-12,,,,110,111,8-9,TN,22,,6,71,41,103,110,110,110,112
757-13,,,,,,,,1,,,,113,113,113,113,113,113
757-16,,,,,,,,1,1,1,1,112,112,112,113,113,113
757-17,,,,,,,,1,1,1,1,112,112,112,113,113,113
757-27,,,,,,,,1,,,,112,112,112,112,112,112
757-32,,,,,,,,1,,,,112,112,112,112,112,112
757-36,,,,,,,,1,,,,111,111,111,111,111,111
757-54,,,,,,,,1,55,55,55,58,58,58,113,113,113
757-70,,,,,,,,1,45,45,45,67,67,67,112,112,112
757-77,,,,,,,,1,,,,112,112,112,112,112,112
757-82,,,,,,,,1,,,,112,112,112,112,112,112
757-85,,,,,,,,1,,,,111,111,111,111,111,111
757-93,,,,,,,,1,1,1,1,112,112,112,113,113,113
757-96,,,,,,,,1,1,1,1,112,112,112,113,113,113
757-99,,,,,,,,1,,,,113,113,113,113,113,113
758-01,,,,105,106,13-14,TN,43,,13,77,30,93,105,105,107,113
758-03,,,,106,107,12-13,TN,30,,6,85,26,100,106,106,107,112
758-05,,,,107,108,11-12,TN,29,,6,74,39,101,107,107,108,113
758-07,,,,108,109,10-11,TN,32,,6,69,40,102,108,108,109,112
758-09,,,,109,?,2-10,TN,38,,4,72,40,105,109,109,109,112
758-10,,,,109,110,9-10,TN,24,,1,3,109,109,110,109,110,112
758-11,,,,,,,,1,,,,111,111,111,111,111,111
758-12,,,,110,111,8-9,TN,16,,1,3,110,110,110,110,111,113
758-14,,,,,,,,1,,,,112,112,112,112,112,112
758-23,,,,,,,,1,,,,111,111,111,111,111,111
758-27,,,,,,,,1,,,,112,112,112,112,112,112
758-35,,,,,,,,1,1,1,1,112,112,112,113,113,113
758-48,,,,,,,,1,,,,111,111,111,111,111,111
758-50,,,,,,,,1,1,1,1,111,111,111,112,112,112
758-51,,,,,,,,1,73,73,73,39,39,39,112,112,112
758-53,,,,,,,,1,1,1,1,112,112,112,113,113,113
758-60,,,,,,,,1,,,,112,112,112,112,112,112
758-64,,,,,,,,1,,,,112,112,112,112,112,112
758-65,,,,,,,,1,,,,112,112,112,112,112,112
758-69,,,,,,,,1,,,,111,111,111,111,111,111
758-70,,,,,,,,1,1,1,1,112,112,112,113,113,113
758-82,,,,,,,,1,,,,112,112,112,112,112,112
759-01,,,,105,106,13-14,TN,30,,2,8,105,105,105,105,107,113
759-02,,,,,,,,1,3,3,3,109,109,109,112,112,112
759-03,,,,106,107,12-13,TN,44,,6,91,18,101,106,106,107,113
759-05,,,,107,108,11-12,TN,25,,1,6,106,106,107,107,108,113
759-07,,,,108,109,10-11,TN,22,,11,70,40,97,108,108,109,112
759-08,,,,,,,,1,,,,111,111,111,111,111,111
759-09,,,,109,110,9-10,TN,25,,,3,109,109,109,109,109,112
759-10,,,,110,?,1-9,TN,28,,,3,109,109,110,110,110,113
759-12,,,,110,111,8-9,TN,25,,4,64,48,106,111,110,111,112
759-15,,,,,,,,1,,,,111,111,111,111,111,111
759-23,,,,,,,,1,,,,113,113,113,113,113,113
759-32,,,,,,,,1,,,,112,112,112,112,112,112
759-33,,,,,,,,1,,,,111,111,111,111,111,111
759-40,,,,,,,,1,1,1,1,111,111,111,112,112,112
759-41,,,,,,,,1,2,2,2,111,111,111,113,113,113
759-46,,,,,,,,1,,,,113,113,113,113,113,113
759-56,,,,,,,,1,,,,111,111,111,111,111,111
759-73,,,,,,,,2,,29,59,53,82,111,111,111,112
759-78,,,,,,,,1,,,,112,112,112,112,112,112
759-82,,,,,,,,2,,,1,112,112,112,112,112,113
759-91,,,,,,,,1,,,,112,112,112,112,112,112
759-98,,,,,,,,1,1,1,1,111,111,111,112,112,112
760-01,,,,106,?,5-13,TN,34,,6,84,24,100,106,106,107,113
760-03,,,,106,107,12-13,TN,25,,15,88,24,92,106,106,108,112
760-05,,,,107,108,11-12,TN,33,,7,80,28,101,107,107,108,111
760-07,,,,108,109,10-11,TN,29,,3,59,51,105,108,108,108,112
760-09,,,,109,110,9-10,TN,26,,12,97,13,97,109,109,109,113
760-10,,,,110,111,8-9,TN,29,,3,90,22,106,110,109,110,113
760-12,,,,111,?,1-8,TN,24,,4,77,36,106,111,111,111,113
760-13,,,,,,,,1,1,1,1,111,111,111,112,112,112
760-15,,,,,,,,1,,,,112,112,112,112,112,112
760-18,,,,,,,,1,57,57,57,56,56,56,113,113,113
760-25,,,,,,,,1,1,1,1,111,111,111,112,112,112
760-26,,,,,,,,1,,,,112,112,112,112,112,112
760-33,,,,,,,,1,1,1,1,111,111,111,112,112,112
760-36,,,,,,,,1,,,,111,111,111,111,111,111
760-37,,,,,,,,1,,,,112,112,112,112,112,112
760-38,,,,,,,,1,1,1,1,111,111,111,112,112,112
760-41,,,,,,,,1,1,1,1,112,112,112,113,113,113
760-57,,,,,,,,1,,,,111,111,111,111,111,111
760-64,,,,,,,,1,,,,112,112,112,112,112,112
760-67,,,,,,,,1,1,1,1,111,111,111,112,112,112
760-74,,,,,,,,1,1,1,1,111,111,111,112,112,112
760-78,,,,,,,,1,,,,112,112,112,112,112,112
760-83,,,,,,,,1,,,,112,112,112,112,112,112
760-86,,,,,,,,1,,,,112,112,112,112,112,112
760-87,,,,,,,,1,,,,113,113,113,113,113,113
760-92,,,,,,,,1,69,69,69,43,43,43,112,112,112
760-93,,,,,,,,1,51,51,51,62,62,62,113,113,113
761-01,,,,106,?,5-13,TN,39,,7,88,24,100,106,106,107,112
761-03,,,,106,107,12-13,TN,40,,3,33,76,104,106,106,107,112
761-05,,,,107,108,11-12,TN,42,,4,70,38,103,108,107,108,112
761-07,,,,108,109,10-11,TN,28,,,4,107,107,108,107,108,112
761-09,,,,109,110,9-10,TN,21,,10,75,37,100,109,109,110,113
761-10,,,,110,111,8-9,TN,22,,4,71,41,106,110,110,110,113
761-12,,,,111,?,1-8,TN,18,,4,72,39,107,111,111,111,113
761-15,,,,,,,,1,,,,112,112,112,112,112,112
761-17,,,,,,,,1,,,,112,112,112,112,112,112
761-23,,,,,,,,2,,,,111,112,113,111,112,113
761-36,,,,,,,,1,,,,113,113,113,113,113,113
761-51,,,,,,,,1,,,,112,112,112,112,112,112
761-58,,,,,,,,1,,,,113,113,113,113,113,113
761-60,,,,,,,,1,,,,112,112,112,112,112,112
761-79,,,,,,,,1,,,,112,112,112,112,112,112
761-81,,,,,,,,1,,,,111,111,111,111,111,111
761-85,,,,,,,,1,1,1,1,111,111,111,112,112,112
761-99,,,,,,,,1,,,,111,111,111,111,111,111
762-01,,,,106,107,12-13,TN,24,,8,89,19,98,106,106,106,112
762-03,,,,107,?,4-12,TN,35,,2,58,52,105,107,106,107,113
762-05,,,,107,108,11-12,TN,28,,4,53,56,103,107,107,108,111
762-07,,,,108,109,10-11,TN,32,,9,103,10,99,108,108,108,113
762-09,,,,109,110,9-10,TN,33,,1,44,67,107,109,109,109,113
762-10,,,,110,111,8-9,TN,24,,,2,110,110,110,110,110,112
762-12,,,,111,?,1-8,TN,19,,,1,111,111,111,111,111,112
762-18,,,,,,,,1,,,,111,111,111,111,111,111
762-23,,,,,,,,1,,,,111,111,111,111,111,111
762-31,,,,,,,,3,,,,111,111,112,111,111,112
762-34,,,,,,,,1,1,1,1,111,111,111,112,112,112
762-37,,,,,,,,1,,,,112,112,112,112,112,112
762-50,,,,,,,,1,67,67,67,45,45,45,112,112,112
762-56,,,,,,,,1,37,37,37,74,74,74,111,111,111
762-58,,,,,,,,1,,,,111,111,111,111,111,111
762-61,,,,,,,,1,,,,111,111,111,111,111,111
762-99,,,,,,,,1,,,,112,112,112,112,112,112
763-01,,,,106,107,12-13,TN,32,,1,5,106,106,106,106,107,111
763-03,,,,107,?,4-12,TN,20,,3,45,64,104,107,106,108,112
763-05,,,,107,108,11-12,TN,31,,4,46,64,104,108,108,108,112
763-07,,,,108,109,10-11,TN,39,,6,69,40,103,108,108,109,112
763-08,,,,,,,,1,,,,112,112,112,112,112,112
763-09,,,,109,110,9-10,TN,31,,3,79,31,106,109,109,109,113
763-10,,,,110,111,8-9,TN,29,,,2,110,110,110,110,110,112
763-11,,,,,,,,1,,,,111,111,111,111,111,111
763-12,,,,111,?,1-8,TN,23,,3,79,33,107,111,111,111,112
763-25,,,,,,,,1,,,,113,113,113,113,113,113
763-32,,,,,,,,1,,,,112,112,112,112,112,112
763-47,,,,,,,,1,1,1,1,111,111,111,112,112,112
763-62,,,,,,,,1,1,1,1,112,112,112,113,113,113
763-71,,,,,,,,1,1,1,1,111,111,111,112,112,112
763-72,,,,,,,,1,1,1,1,111,111,111,112,112,112
763-77,,,,,,,,1,,,,113,113,113,113,113,113
763-88,,,,,,,,1,93,93,93,19,19,19,112,112,112
763-89,,,,,,,,2,,,1,111,111,112,112,112,112
763-97,,,,,,,,2,,,,112,112,112,112,112,112
764-01,,,,100,?,11-19,AZ,32,,11,82,19,90,100,100,102,112
764-02,,,,109,?,2-10,AZ,6,,16,48,63,94,109,109,110,113
764-03,,,,100,?,11-19,AZ,48,,23,91,21,80,100,100,104,112
764-04,,,,109,?,2-10,AZ,8,,32,84,27,78,109,109,110,112
764-05,,,,100,101,18-19,AZ,34,,20,85,21,82,100,100,103,112
764-06,,,,109,?,2-10,AZ,13,,5,54,59,104,109,109,109,113
764-07,,,,101,?,10-18,AZ,36,,19,92,16,83,101,101,103,113
764-08,,,,109,?,2-10,AZ,11,,11,77,35,98,109,109,109,112
764-09,,,,101,?,10-18,AZ,40,,17,91,14,86,101,101,103,112
764-10,,,,101,?,10-18,AZ,35,,33,84,17,71,101,101,105,113
764-11,,,,109,?,2-10,AZ,6,,42,96,16,67,109,109,110,113
764-12,,,,101,?,10-18,AZ,31,,25,88,19,78,101,101,103,112
764-13,,,,109,110,9-10,AZ,3,1,26,76,34,84,109,110,110,110
764-14,,,,101,?,10-18,AZ,31,,17,84,26,86,102,101,104,112
764-15,,,,110,?,1-9,AZ,4,,1,3,109,109,110,110,110,113
764-16,,,,101,102,17-18,AZ,36,,18,90,14,86,102,101,104,112
764-17,,,,110,?,1-9,AZ,7,,24,86,26,86,110,110,110,113
764-18,,,,102,?,9-17,AZ,38,,26,96,13,78,102,101,105,113
764-19,,,,110,?,1-9,AZ,8,,18,78,34,93,110,110,111,112
764-20,,,,102,?,9-17,AZ,49,,19,94,15,85,102,100,104,113
764-21,,,,110,?,1-9,AZ,4,,,2,110,110,110,110,110,112
764-22,,,,102,?,9-17,AZ,32,,16,76,28,88,102,102,104,113
764-23,,,,110,111,8-9,AZ,4,1,20,79,33,90,110,111,111,112
764-24,,,,102,?,9-17,AZ,34,,18,83,21,86,102,102,104,113
764-25,,,,111,?,1-8,AZ,5,,,1,111,111,111,111,111,112
764-26,,,,103,?,8-16,AZ,36,,9,86,25,94,102,102,103,112
764-27,,,,111,?,1-8,AZ,5,,,2,110,110,111,110,111,113
764-28,,,,103,?,8-16,AZ,34,,16,82,25,89,103,103,105,112
764-29,,,,111,?,1-8,AZ,1,,,,111,111,111,111,111,111
764-30,,,,103,?,8-16,AZ,33,,12,87,19,92,103,103,104,112
764-32,,,,103,?,8-16,AZ,25,,6,87,22,98,103,103,105,111
764-34,,,,103,?,8-16,AZ,26,,6,59,47,98,103,103,104,110
764-36,,,,103,104,15-16,AZ,26,,12,95,8,92,103,103,105,113
764-38,,,,104,?,7-15,AZ,22,,5,55,50,99,104,103,104,110
764-40,,,,104,?,7-15,AZ,27,,18,86,26,87,104,104,106,113
764-42,,,,104,?,7-15,AZ,24,,13,92,18,92,104,104,106,111
764-44,,,,104,?,7-15,AZ,31,,22,87,18,83,104,104,106,112
764-46,,,,104,?,7-15,AZ,31,,4,82,29,101,104,104,106,112
764-48,,,,104,105,14-15,AZ,23,,9,93,13,96,104,104,105,112
764-50,,,,105,?,6-14,AZ,20,,15,87,18,90,105,104,105,111
764-52,,,,105,?,6-14,AZ,27,,15,91,18,91,105,105,106,112
764-54,,,,105,?,6-14,AZ,22,,4,70,39,101,105,105,106,112
764-56,,,,105,?,6-14,AZ,25,,18,87,22,88,105,105,107,113
764-58,,,,105,?,6-14,AZ,23,,11,78,32,95,105,105,106,111
764-60,,,,105,106,13-14,AZ,27,,12,87,22,94,106,105,107,112
764-62,,,,106,?,5-13,AZ,18,,7,50,56,99,106,106,106,110
764-64,,,,106,?,5-13,AZ,20,,20,77,32,87,106,106,107,112
764-66,,,,106,?,5-13,AZ,13,,6,64,45,100,106,106,107,113
764-68,,,,106,?,5-13,AZ,23,,3,71,36,102,106,106,106,109
764-69,,,,,,,,2,,,1,111,111,112,112,112,112
764-70,,,,106,?,5-13,AZ,19,,18,92,19,88,106,106,107,112
764-72,,,,106,107,12-13,AZ,24,,21,97,10,85,106,106,107,113
764-74,,,,107,?,4-12,AZ,19,,3,29,82,104,107,106,107,112
764-75,,,,,,,,1,,,,111,111,111,111,111,111
764-76,,,,107,?,4-12,AZ,21,,10,73,36,96,107,107,107,110
764-78,,,,107,?,4-12,AZ,26,,18,85,24,90,107,107,108,113
764-80,,,,107,?,4-12,AZ,17,,7,46,64,101,107,107,109,113
764-82,,,,107,?,4-12,AZ,15,,11,69,39,96,107,107,108,112
764-84,,,,107,?,4-12,AZ,14,,4,31,76,103,107,107,107,110
764-86,,,,107,108,11-12,AZ,19,,13,85,25,95,108,108,109,112
764-87,,,,,,,,1,1,1,1,112,112,112,113,113,113
764-88,,,,108,?,3-11,AZ,15,,22,87,25,86,108,108,109,113
764-90,,,,108,?,3-11,AZ,13,,10,79,34,98,108,108,109,113
764-92,,,,108,?,3-11,AZ,13,,27,81,27,82,108,108,109,113
764-93,,,,,,,,1,,,,112,112,112,112,112,112
764-94,,,,108,?,3-11,AZ,7,,12,74,35,97,108,108,109,112
764-96,,,,108,?,3-11,AZ,8,,8,64,47,100,108,108,109,111
764-98,,,,108,109,10-11,AZ,17,,7,70,42,102,108,108,109,112
765-01,,,,100,?,11-19,AZ,47,,26,91,17,77,100,100,103,113
765-02,,,,109,?,2-10,AZ,13,,23,68,42,86,109,109,109,112
765-03,,,,100,101,18-19,AZ,36,,18,86,14,83,100,100,102,112
765-04,,,,109,?,2-10,AZ,10,,18,78,33,92,109,109,110,113
765-05,,,,101,?,10-18,AZ,44,,23,94,15,80,101,101,103,111
765-06,,,,109,?,2-10,AZ,5,1,28,83,29,82,109,109,110,112
765-07,,,,101,?,10-18,AZ,31,,16,83,26,87,101,100,103,112
765-08,,,,109,?,2-10,AZ,9,,11,48,65,100,109,109,111,113
765-09,,,,101,?,10-18,AZ,34,,30,99,8,74,101,101,104,113
765-10,,,,101,?,10-18,AZ,42,,25,90,12,79,101,101,105,113
765-11,,,,109,110,9-10,AZ,6,,28,84,28,82,109,109,110,112
765-12,,,,101,?,10-18,AZ,30,,5,42,64,97,101,101,103,109
765-13,,,,110,?,1-9,AZ,5,,,2,110,110,110,110,110,112
765-14,,,,101,102,17-18,AZ,31,,20,92,16,83,101,101,104,112
765-15,,,,110,?,1-9,AZ,4,,1,2,110,110,110,110,111,112
765-16,,,,102,?,9-17,AZ,27,,27,76,30,77,102,101,105,111
765-17,,,,110,?,1-9,AZ,6,,7,41,71,103,110,110,110,112
765-18,,,,102,?,9-17,AZ,36,,26,92,11,78,102,101,104,113
765-19,,,,110,?,1-9,AZ,7,,7,50,60,102,110,110,110,112
765-20,,,,102,?,9-17,AZ,27,,30,86,17,74,102,102,105,112
765-21,,,,110,?,1-9,AZ,7,,10,67,45,100,110,110,111,112
765-22,,,,102,?,9-17,AZ,29,,14,65,40,89,102,102,104,112
765-23,,,,110,111,8-9,AZ,9,,14,70,42,96,111,111,111,112
765-24,,,,102,?,9-17,AZ,32,,19,80,24,85,102,102,104,110
765-25,,,,111,?,1-8,AZ,9,,8,70,42,103,111,110,111,113
765-26,,,,103,?,8-16,AZ,27,,18,86,26,86,103,102,105,113
765-27,,,,111,?,1-8,AZ,9,,,2,111,111,111,111,111,113
765-28,,,,103,?,8-16,AZ,32,,8,77,35,96,104,103,104,112
765-29,,,,,,,,1,,,,112,112,112,112,112,112
765-30,,,,103,?,8-16,AZ,30,,23,84,24,82,103,103,105,112
765-32,,,,103,?,8-16,AZ,26,,9,76,36,95,103,103,105,112
765-34,,,,103,?,8-16,AZ,26,,12,78,32,93,103,103,105,110
765-35,,,,,,,,1,,,,112,112,112,112,112,112
765-36,,,,103,104,15-16,AZ,40,,13,79,25,92,103,103,105,111
765-38,,,,104,?,7-15,AZ,29,,11,83,25,94,104,104,106,112
765-40,,,,104,?,7-15,AZ,36,,11,89,18,93,104,104,105,113
765-41,,,,,,,,1,,,,112,112,112,112,112,112
765-42,,,,104,?,7-15,AZ,25,,8,80,25,96,104,103,105,112
765-44,,,,104,?,7-15,AZ,31,,16,83,30,89,104,104,106,113
765-46,,,,104,?,7-15,AZ,29,,13,76,31,92,104,104,106,112
765-48,,,,104,105,14-15,AZ,33,,17,90,19,88,105,105,106,109
765-50,,,,105,?,6-14,AZ,25,,5,73,37,100,105,105,106,112
765-52,,,,105,?,6-14,AZ,28,,12,86,23,94,105,105,106,111
765-54,,,,105,?,6-14,AZ,21,,3,40,67,102,105,105,106,110
765-56,,,,105,?,6-14,AZ,18,,10,77,31,95,105,105,106,112
765-57,,,,,,,,1,,,,112,112,112,112,112,112
765-58,,,,105,106,13-14,AZ,27,,16,79,31,90,105,105,107,112
765-60,,,,106,?,5-13,AZ,23,,3,64,43,103,106,106,106,108
765-62,,,,106,?,5-13,AZ,20,,9,68,41,97,106,106,107,111
765-64,,,,106,?,5-13,AZ,12,,14,93,20,92,106,106,107,113
765-66,,,,106,?,5-13,AZ,28,,7,82,30,99,106,106,107,112
765-68,,,,106,?,5-13,AZ,20,,7,79,33,99,106,106,107,112
765-70,,,,106,?,5-13,AZ,16,,11,69,40,96,106,106,107,110
765-72,,,,106,107,12-13,AZ,23,,3,51,62,104,107,107,108,113
765-74,,,,107,?,4-12,AZ,16,,14,78,30,93,107,107,107,113
765-76,,,,107,?,4-12,AZ,23,,7,75,33,99,107,107,107,112
765-78,,,,107,?,4-12,AZ,18,,11,75,33,96,107,107,108,112
765-80,,,,107,?,4-12,AZ,29,,8,78,34,99,107,107,107,112
765-82,,,,107,?,4-12,AZ,15,,13,89,19,94,107,107,107,111
765-84,,,,107,108,11-12,AZ,19,,15,72,36,92,107,107,108,112
765-86,,,,108,?,3-11,AZ,19,,10,88,25,98,108,108,109,113
765-87,,,,,,,,1,1,1,1,112,112,112,113,113,113
765-88,,,,108,?,3-11,AZ,15,,17,66,43,91,108,106,109,113
765-90,,,,108,?,3-11,AZ,5,,17,83,29,92,108,108,109,112
765-92,,,,108,?,3-11,AZ,9,,15,71,42,94,108,108,109,113
765-94,,,,108,?,3-11,AZ,12,,22,84,27,86,108,108,109,112
765-96,,,,108,?,3-11,AZ,9,,5,42,69,103,108,108,108,111
765-98,,,,108,109,10-11,AZ,9,,8,76,36,100,109,109,109,112
766-01,,,,101,?,10-18,FL,49,,42,95,10,62,101,101,105,113
766-02,,,,111,?,1-8,FL,6,,14,83,29,97,111,110,111,112
766-03,,,,101,?,10-18,FL,41,,33,81,23,71,101,101,104,112
766-04,,,,111,?,1-8,FL,3,,57,89,23,54,111,111,111,112
766-05,,,,101,?,10-18,FL,30,,31,91,15,73,101,101,104,112
766-07,,,,101,102,17-18,FL,35,,24,85,20,79,101,101,103,111
766-08,,,,,,,,1,,,,113,113,113,113,113,113
766-09,,,,102,?,9-17,FL,55,,42,95,10,62,102,101,104,112
766-10,,,,102,?,9-17,FL,37,,26,87,17,78,102,102,105,113
766-11,,,,,,,,1,,,,112,112,112,112,112,112
766-12,,,,102,?,9-17,FL,23,,17,77,28,87,102,102,104,111
766-14,,,,102,?,9-17,FL,32,,37,93,15,69,102,102,106,113
766-16,,,,103,?,8-16,FL,42,,28,87,20,76,102,102,105,113
766-18,,,,103,?,8-16,FL,53,,26,97,13,78,103,102,104,112
766-20,,,,103,?,8-16,FL,42,,33,87,18,71,103,102,105,113
766-22,,,,103,?,8-16,FL,34,,20,82,25,85,103,103,105,111
766-24,,,,103,?,8-16,FL,35,,26,89,21,79,103,103,106,112
766-26,,,,103,104,15-16,FL,26,,16,64,42,89,103,103,105,113
766-27,,,,,,,,1,,,,111,111,111,111,111,111
766-28,,,,104,?,7-15,FL,31,,23,92,15,82,104,104,105,113
766-30,,,,104,?,7-15,FL,17,,1,9,104,104,104,104,105,113
766-32,,,,104,?,7-15,FL,29,,19,83,24,86,104,104,105,110
766-34,,,,104,?,7-15,FL,35,,40,98,7,66,104,104,106,113
766-36,,,,104,105,14-15,FL,28,,28,97,9,77,104,104,106,110
766-38,,,,105,?,6-14,FL,31,,35,98,13,71,105,105,107,113
766-40,,,,105,?,6-14,FL,28,,30,102,9,76,105,105,106,113
766-42,,,,105,?,6-14,FL,39,,25,90,16,81,105,105,106,113
766-44,,,,105,?,6-14,FL,28,,26,97,14,80,105,105,107,112
766-46,,,,105,106,13-14,FL,30,,14,93,18,92,105,105,107,112
766-48,,,,106,?,5-13,FL,24,,29,88,24,78,106,106,108,113
766-50,,,,106,?,5-13,FL,20,,12,75,36,95,106,106,107,112
766-52,,,,106,?,5-13,FL,25,,25,88,24,82,106,106,107,112
766-54,,,,106,?,5-13,FL,26,,11,77,32,95,106,106,106,111
766-56,,,,106,107,12-13,FL,23,,14,89,20,92,106,106,107,111
766-58,,,,107,?,4-12,FL,23,,16,80,27,91,107,107,107,112
766-60,,,,107,?,4-12,FL,18,,38,90,18,71,107,107,109,113
766-62,,,,107,?,4-12,FL,17,,20,80,27,87,107,107,108,112
766-64,,,,107,?,4-12,FL,18,,20,85,28,88,107,107,108,113
766-66,,,,107,?,4-12,FL,22,,23,89,20,84,107,107,108,112
766-68,,,,107,108,11-12,FL,11,1,1,3,107,107,107,108,108,110
766-69,,,,,,,,1,,,,113,113,113,113,113,113
766-70,,,,108,?,3-11,FL,13,,11,82,31,97,108,108,108,113
766-72,,,,108,?,3-11,FL,10,,25,89,22,84,108,108,109,111
766-74,,,,108,?,3-11,FL,18,,25,97,14,83,108,108,109,112
766-76,,,,108,?,3-11,FL,8,,15,66,45,93,108,108,109,113
766-78,,,,108,109,10-11,FL,10,,1,2,108,108,108,108,109,110
766-80,,,,109,?,2-10,FL,10,,22,99,13,87,109,109,110,112
766-81,,,,,,,,2,,,,112,112,113,112,112,113
766-82,,,,109,?,2-10,FL,8,,32,97,14,78,109,109,110,112
766-84,,,,109,?,2-10,FL,14,,17,86,26,92,109,109,110,113
766-86,,,,109,?,2-10,FL,13,,18,89,21,92,109,109,110,113
766-87,,,,,,,,1,,,,113,113,113,113,113,113
766-88,,,,109,110,9-10,FL,11,,30,87,24,80,109,109,110,113
766-89,,,,,,,,1,,,,112,112,112,112,112,112
766-90,,,,110,?,1-9,FL,6,,27,56,54,83,110,110,110,111
766-92,,,,110,?,1-9,FL,8,,37,95,18,73,110,110,111,113
766-94,,,,110,?,1-9,FL,10,,29,79,33,81,110,110,110,113
766-96,,,,110,111,8-9,FL,6,,38,99,13,73,110,110,111,112
766-98,,,,111,?,1-8,FL,5,,15,72,39,96,111,111,111,111
767-01,,,,101,?,10-18,FL,44,,41,92,9,63,101,100,105,112
767-02,,,,111,?,1-8,FL,3,,,1,111,111,111,111,111,112
767-03,,,,101,?,10-18,FL,31,,23,88,16,80,101,101,104,112
767-05,,,,101,?,10-18,FL,42,,40,101,8,64,101,101,105,112
767-07,,,,101,102,17-18,FL,77,,48,96,10,56,101,101,105,113
767-08,,,,,,,,1,,,,112,112,112,112,112,112
767-09,,,,102,?,9-17,FL,55,,28,90,14,75,102,101,104,113
767-10,,,,102,?,9-17,FL,46,,44,97,9,60,102,102,104,111
767-12,,,,102,?,9-17,FL,64,,54,97,6,50,102,102,105,113
767-14,,,,102,?,9-17,FL,47,,41,98,9,64,102,102,105,113
767-16,,,,103,?,8-16,FL,25,1,36,89,22,69,102,103,106,113
767-17,,,,,,,,1,,,,111,111,111,111,111,111
767-18,,,,103,?,8-16,FL,35,,25,88,18,79,103,102,105,113
767-20,,,,103,?,8-16,FL,30,,36,97,10,68,103,103,105,113
767-22,,,,103,?,8-16,FL,40,,26,101,4,78,103,103,105,113
767-24,,,,103,?,8-16,FL,33,,24,85,24,82,103,103,106,112
767-26,,,,103,104,15-16,FL,29,,38,93,13,67,103,103,106,112
767-27,,,,,,,,1,1,1,1,111,111,111,112,112,112
767-28,,,,104,?,7-15,FL,34,,35,91,15,71,104,104,106,113
767-29,,,,,,,,1,1,1,1,111,111,111,112,112,112
767-30,,,,104,?,7-15,FL,19,,,4,104,104,104,104,104,108
767-31,,,,,,,,1,1,1,1,112,112,112,113,113,113
767-32,,,,104,?,7-15,FL,33,,12,82,25,92,104,104,105,112
767-34,,,,104,?,7-15,FL,13,,13,82,24,92,104,104,105,107
767-36,,,,104,105,14-15,FL,33,,39,100,6,67,104,104,106,112
767-37,,,,,,,,1,,,,111,111,111,111,111,111
767-38,,,,105,?,6-14,FL,23,,26,95,16,79,105,105,106,113
767-40,,,,105,?,6-14,FL,35,,26,95,17,80,105,105,107,113
767-42,,,,105,?,6-14,FL,17,,10,81,27,95,105,105,106,112
767-44,,,,105,?,6-14,FL,25,,10,85,27,96,105,105,106,113
767-46,,,,105,106,13-14,FL,19,,29,93,15,77,105,105,107,112
767-48,,,,106,?,5-13,FL,14,,38,100,7,68,106,106,107,113
767-49,,,,,,,,1,,,,111,111,111,111,111,111
767-50,,,,106,?,5-13,FL,33,,37,95,13,70,106,106,107,113
767-52,,,,106,?,5-13,FL,23,,24,96,14,82,106,106,107,112
767-54,,,,106,?,5-13,FL,17,,28,92,15,78,106,106,107,112
767-56,,,,106,107,12-13,FL,22,,5,65,42,100,107,106,106,108
767-58,,,,107,?,4-12,FL,19,,23,90,22,85,107,106,108,113
767-60,,,,107,?,4-12,FL,13,,8,79,33,101,107,107,109,113
767-62,,,,107,?,4-12,FL,14,,8,72,39,99,107,107,108,111
767-64,,,,107,?,4-12,FL,11,,16,89,21,92,107,107,108,113
767-65,,,,,,,,1,,,,112,112,112,112,112,112
767-66,,,,107,?,4-12,FL,17,,6,73,36,101,107,107,107,110
767-68,,,,107,108,11-12,FL,15,1,24,87,23,84,107,108,109,112
767-70,,,,108,?,3-11,FL,18,,35,92,20,74,108,108,109,113
767-71,,,,,,,,1,,,,112,112,112,112,112,112
767-72,,,,108,?,3-11,FL,11,,18,67,45,90,108,108,109,112
767-74,,,,108,?,3-11,FL,6,,26,83,29,83,108,108,109,112
767-76,,,,108,?,3-11,FL,9,,44,95,16,65,108,108,110,113
767-78,,,,108,109,10-11,FL,19,,12,84,29,96,108,108,109,113
767-80,,,,109,?,2-10,FL,10,,16,82,31,93,109,109,109,113
767-82,,,,109,?,2-10,FL,14,,29,87,23,80,109,109,110,112
767-84,,,,109,?,2-10,FL,12,,10,83,27,99,109,109,109,112
767-86,,,,109,?,2-10,FL,8,,11,86,24,98,109,109,109,111
767-88,,,,109,110,9-10,FL,6,1,1,4,109,109,109,110,110,113
767-90,,,,110,?,1-9,FL,9,,15,79,34,95,110,109,110,113
767-91,,,,,,,,1,73,73,73,40,40,40,113,113,113
767-92,,,,110,?,1-9,FL,8,,36,82,30,74,110,110,111,112
767-94,,,,110,?,1-9,FL,8,,8,60,52,102,110,110,110,112
767-95,,,,,,,,1,,,,112,112,112,112,112,112
767-96,,,,110,111,8-9,FL,7,,14,51,62,96,110,110,111,113
767-97,,,,,,,,1,1,1,1,112,112,112,113,113,113
767-98,,,,111,?,1-8,FL,11,,17,102,11,94,111,111,111,113
768-01,,,,101,?,10-18,FL,44,,31,98,13,72,101,101,104,112
768-02,,,,111,?,1-8,FL,9,,8,77,34,102,111,111,111,111
768-03,,,,101,?,10-18,FL,31,,33,93,15,71,101,101,105,113
768-04,,,,,,,,2,,,,111,111,112,111,111,112
768-05,,,,101,?,10-18,FL,51,,40,92,13,65,101,101,105,112
768-07,,,,101,102,17-18,FL,47,,41,86,18,63,101,101,104,113
768-09,,,,102,?,9-17,FL,48,,43,91,14,61,102,101,104,112
768-10,,,,102,?,9-17,FL,54,,47,98,8,57,102,102,105,113
768-11,,,,,,,,2,,,,111,111,112,111,111,112
768-12,,,,102,?,9-17,FL,42,,29,91,19,75,102,102,105,113
768-14,,,,102,?,9-17,FL,51,,40,97,8,65,102,102,105,113
768-16,,,,103,?,8-16,FL,49,,30,91,16,75,102,102,105,113
768-18,,,,103,?,8-16,FL,46,,38,101,6,67,103,102,105,112
768-20,,,,103,?,8-16,FL,37,,32,92,14,73,103,103,105,112
768-22,,,,103,?,8-16,FL,33,,26,90,19,78,103,103,105,112
768-24,,,,103,?,8-16,FL,36,,12,83,21,93,103,103,105,112
768-26,,,,103,104,15-16,FL,40,,25,86,23,80,103,103,106,113
768-28,,,,104,?,7-15,FL,19,,29,89,15,76,104,104,106,113
768-30,,,,104,?,7-15,FL,31,,29,101,6,76,104,104,105,112
768-32,,,,104,?,7-15,FL,26,,28,89,16,77,104,104,106,113
768-33,,,,,,,,1,,,,112,112,112,112,112,112
768-34,,,,104,105,14-15,FL,29,,32,100,5,73,104,104,106,113
768-36,,,,105,?,6-14,FL,37,,17,99,7,86,105,38,104,112
768-38,,,,105,?,6-14,FL,32,,18,91,16,87,105,105,106,113
768-40,,,,105,?,6-14,FL,23,,16,88,20,89,105,105,105,112
768-41,,,,,,,,1,,,,112,112,112,112,112,112
768-42,,,,105,?,6-14,FL,19,,12,88,18,93,105,105,106,113
768-44,,,,105,106,13-14,FL,38,,26,89,18,81,105,105,107,113
768-46,,,,106,?,5-13,FL,32,,29,93,13,77,106,103,106,112
768-48,,,,106,?,5-13,FL,19,,26,88,19,80,106,106,107,112
768-50,,,,106,?,5-13,FL,27,,10,72,35,96,106,106,107,113
768-52,,,,106,?,5-13,FL,25,,20,95,11,86,106,106,107,112
768-54,,,,106,?,5-13,FL,30,,34,90,18,74,106,106,108,112
768-56,,,,106,107,12-13,FL,11,,20,60,48,87,106,106,107,111
768-58,,,,107,?,4-12,FL,17,,19,78,29,88,107,107,107,111
768-60,,,,107,?,4-12,FL,18,,1,24,84,105,107,107,107,110
768-62,,,,107,?,4-12,FL,18,,19,77,31,89,107,107,108,112
768-63,,,,,,,,1,,,,111,111,111,111,111,111
768-64,,,,107,?,4-12,FL,12,,8,91,17,99,107,107,107,111
768-66,,,,107,108,11-12,FL,15,,5,79,30,101,107,107,107,113
768-67,,,,,,,,1,1,1,1,111,111,111,112,112,112
768-68,,,,108,?,3-11,FL,15,,22,85,25,86,108,108,109,113
768-70,,,,108,?,3-11,FL,7,,23,84,27,85,108,108,109,111
768-72,,,,108,?,3-11,FL,10,,15,79,31,93,108,108,109,112
768-74,,,,108,?,3-11,FL,15,,29,86,26,80,108,108,109,113
768-76,,,,108,?,3-11,FL,9,,7,63,46,101,108,108,108,111
768-78,,,,108,109,10-11,FL,6,,30,90,21,78,108,108,109,111
768-80,,,,109,?,2-10,FL,10,,7,67,44,102,109,109,109,112
768-82,,,,109,?,2-10,FL,15,,22,89,23,87,109,109,109,113
768-84,,,,109,?,2-10,FL,8,,19,77,32,89,109,109,109,109
768-86,,,,109,110,9-10,FL,4,,24,97,14,85,109,109,110,111
768-88,,,,110,?,1-9,FL,14,,18,78,34,91,110,109,110,112
768-90,,,,110,?,1-9,FL,14,,23,92,18,87,110,110,111,113
768-92,,,,110,?,1-9,FL,12,,16,87,25,93,110,110,110,112
768-94,,,,110,?,1-9,FL,5,,15,78,35,95,110,110,110,113
768-96,,,,110,111,8-9,FL,10,,14,71,39,96,110,110,110,112
768-98,,,,111,?,1-8,FL,5,,34,87,25,76,111,110,111,112
769-01,,,,101,?,10-18,FL,47,,31,91,18,74,101,101,105,113
769-02,,,,111,?,1-8,FL,9,,,1,111,111,111,111,111,112
769-03,,,,101,?,10-18,FL,31,,30,89,16,74,101,101,104,113
769-05,,,,101,?,10-18,FL,52,,58,95,10,47,101,101,105,113
769-07,,,,101,102,17-18,FL,40,,33,98,6,71,101,101,105,112
769-09,,,,102,?,9-17,FL,78,,47,96,11,58,102,101,105,113
769-10,,,,102,?,9-17,FL,81,,53,96,9,52,102,101,105,112
769-12,,,,102,?,9-17,FL,56,,36,95,12,68,102,102,105,112
769-14,,,,102,?,9-17,FL,48,,42,95,12,63,102,101,105,113
769-16,,,,103,?,8-16,FL,41,,35,96,17,70,102,102,105,113
769-18,,,,103,?,8-16,FL,51,,40,95,12,65,103,102,105,112
769-20,,,,103,?,8-16,FL,44,,30,97,10,74,103,103,105,113
769-22,,,,103,?,8-16,FL,31,,22,98,14,82,103,103,104,113
769-24,,,,103,?,8-16,FL,28,,19,76,29,86,103,103,105,113
769-25,,,,,,,,1,,,,112,112,112,112,112,112
769-26,,,,103,104,15-16,FL,33,,33,91,15,72,103,103,106,113
769-28,,,,104,?,7-15,FL,26,,47,93,14,59,104,104,107,113
769-30,,,,104,?,7-15,FL,17,,12,72,33,92,104,104,105,111
769-32,,,,104,?,7-15,FL,34,,24,89,19,82,104,104,107,113
769-34,,,,104,105,14-15,FL,25,,12,85,21,93,104,104,105,111
769-35,,,,,,,,1,,,,111,111,111,111,111,111
769-36,,,,105,?,6-14,FL,21,,25,93,15,81,105,104,106,112
769-38,,,,105,?,6-14,FL,25,,32,93,12,74,105,105,106,112
769-40,,,,105,?,6-14,FL,26,,26,87,20,81,105,105,107,113
769-42,,,,105,?,6-14,FL,27,,26,91,15,80,105,105,106,111
769-44,,,,105,106,13-14,FL,24,,12,72,36,93,105,105,106,108
769-46,,,,106,?,5-13,FL,32,,11,84,23,95,106,105,106,112
769-48,,,,106,?,5-13,FL,21,,24,88,20,82,107,106,107,109
769-49,,,,,,,,1,,,,112,112,112,112,112,112
769-50,,,,106,?,5-13,FL,18,,22,90,19,85,106,106,107,113
769-51,,,,,,,,1,80,80,80,33,33,33,113,113,113
769-52,,,,106,?,5-13,FL,26,,30,89,23,77,106,106,107,113
769-53,,,,,,,,1,,,,112,112,112,112,112,112
769-54,,,,106,?,5-13,FL,28,,24,99,13,83,106,106,107,112
769-56,,,,106,107,12-13,FL,17,,27,95,16,80,106,106,108,113
769-57,,,,,,,,1,,,,112,112,112,112,112,112
769-58,,,,107,?,4-12,FL,17,,14,94,18,93,107,107,107,112
769-60,,,,107,?,4-12,FL,28,,37,99,13,71,107,107,108,112
769-62,,,,107,?,4-12,FL,23,,8,84,23,99,107,107,107,111
769-63,,,,,,,,1,,,,111,111,111,111,111,111
769-64,,,,107,?,4-12,FL,19,,28,86,21,80,107,107,108,113
769-65,,,,,,,,1,1,1,1,111,111,111,112,112,112
769-66,,,,107,108,11-12,FL,11,,21,89,21,87,107,107,108,112
769-68,,,,108,?,3-11,FL,13,1,10,84,28,98,107,108,108,112
769-70,,,,108,?,3-11,FL,13,,16,86,24,92,108,108,109,113
769-72,,,,108,?,3-11,FL,10,,1,11,98,107,108,108,108,109
769-74,,,,108,?,3-11,FL,10,,20,72,39,88,108,108,109,112
769-76,,,,108,109,10-11,FL,17,,32,99,10,77,108,108,109,113
769-78,,,,109,?,2-10,FL,12,,23,81,30,86,108,108,109,112
769-80,,,,109,?,2-10,FL,10,,8,59,51,101,109,109,109,112
769-81,,,,,,,,1,,,,112,112,112,112,112,112
769-82,,,,109,?,2-10,FL,10,,25,87,23,84,109,109,110,113
769-84,,,,109,?,2-10,FL,9,,9,72,39,100,109,109,110,112
769-85,,,,,,,,1,,,,112,112,112,112,112,112
769-86,,,,109,110,9-10,FL,13,,35,83,28,75,109,109,110,113
769-87,,,,,,,,1,,,,112,112,112,112,112,112
769-88,,,,110,?,1-9,FL,15,,23,94,19,87,110,110,110,113
769-90,,,,110,?,1-9,FL,7,,44,86,26,66,110,110,111,112
769-91,,,,,,,,1,,,,112,112,112,112,112,112
769-92,,,,110,?,1-9,FL,9,,23,87,23,86,110,110,110,111
769-94,,,,110,?,1-9,FL,4,,1,3,110,110,110,110,111,113
769-96,,,,110,111,8-9,FL,14,,22,77,34,89,110,110,111,112
769-98,,,,111,?,1-8,FL,7,,,1,110,110,111,110,111,112
770-01,,,,101,?,10-18,FL,45,,28,88,15,76,101,101,104,113
770-02,,,,111,?,1-8,FL,9,,18,83,28,93,111,111,111,113
770-03,,,,101,?,10-18,FL,43,,36,90,14,67,101,101,103,113
770-05,,,,101,?,10-18,FL,36,,25,93,14,79,101,101,104,113
770-07,,,,101,102,17-18,FL,70,1,53,96,9,52,101,102,105,113
770-09,,,,102,?,9-17,FL,71,,49,104,2,55,103,102,105,113
770-10,,,,102,?,9-17,FL,44,,27,93,20,77,102,101,105,113
770-12,,,,102,?,9-17,FL,48,,28,94,12,76,102,102,105,113
770-14,,,,102,?,9-17,FL,48,,29,87,17,75,102,102,105,113
770-16,,,,103,?,8-16,FL,43,,33,90,21,72,102,102,106,113
770-17,,,,,,,,1,,,,112,112,112,112,112,112
770-18,,,,103,?,8-16,FL,27,,17,88,19,87,103,103,104,112
770-20,,,,103,?,8-16,FL,46,,42,101,7,63,103,103,105,113
770-22,,,,103,?,8-16,FL,27,,16,92,14,89,103,103,105,113
770-24,,,,103,104,15-16,FL,32,,27,93,13,78,103,102,105,112
770-26,,,,104,?,7-15,FL,38,,34,98,9,71,103,103,106,113
770-28,,,,104,?,7-15,FL,40,,42,97,9,64,104,104,106,113
770-30,,,,104,?,7-15,FL,23,,19,80,26,86,104,104,106,112
770-31,,,,,,,,1,,,,112,112,112,112,112,112
770-32,,,,104,?,7-15,FL,31,,19,87,19,85,104,104,105,112
770-34,,,,104,105,14-15,FL,43,,28,94,13,78,104,104,106,112
770-36,,,,105,?,6-14,FL,38,,37,93,16,69,105,105,106,113
770-37,,,,,,,,1,,,,112,112,112,112,112,112
770-38,,,,105,?,6-14,FL,34,,34,92,18,72,105,105,107,112
770-39,,,,,,,,1,69,69,69,43,43,43,112,112,112
770-40,,,,105,?,6-14,FL,17,,26,87,25,80,105,105,106,112
770-42,,,,105,?,6-14,FL,31,,34,87,23,71,105,105,106,112
770-44,,,,105,106,13-14,FL,31,,21,76,30,85,105,105,107,112
770-46,,,,106,?,5-13,FL,29,,30,83,24,77,106,103,107,113
770-48,,,,106,?,5-13,FL,16,,12,76,33,94,106,106,106,109
770-50,,,,106,?,5-13,FL,22,,19,99,11,87,106,106,107,112
770-52,,,,106,?,5-13,FL,26,,15,80,26,92,106,106,107,113
770-54,,,,106,107,12-13,FL,22,,13,83,24,94,106,106,107,112
770-55,,,,,,,,1,,,,112,112,112,112,112,112
770-56,,,,107,?,4-12,FL,20,,1,6,106,106,106,106,107,112
770-58,,,,107,?,4-12,FL,29,,37,92,16,70,107,106,108,113
770-60,,,,107,?,4-12,FL,12,,18,79,31,89,107,107,108,112
770-62,,,,107,?,4-12,FL,20,,12,68,41,95,107,107,108,112
770-63,,,,,,,,1,,,,112,112,112,112,112,112
770-64,,,,107,?,4-12,FL,12,,21,75,36,86,107,107,108,112
770-66,,,,107,108,11-12,FL,14,,5,39,69,102,107,107,108,111
770-68,,,,108,?,3-11,FL,22,,9,78,30,98,108,107,108,112
770-70,,,,108,?,3-11,FL,15,,21,85,23,87,108,108,109,112
770-71,,,,,,,,1,,,,111,111,111,111,111,111
770-72,,,,108,?,3-11,FL,12,,17,76,32,91,108,108,108,112
770-74,,,,108,?,3-11,FL,5,,15,76,34,93,108,108,108,110
770-76,,,,108,109,10-11,FL,9,,13,79,32,95,108,108,109,111
770-78,,,,109,?,2-10,FL,17,,13,71,41,96,109,108,109,113
770-80,,,,109,?,2-10,FL,14,,25,81,31,84,109,109,109,112
770-82,,,,109,?,2-10,FL,11,,23,89,22,86,109,109,109,112
770-84,,,,109,?,2-10,FL,2,2,2,2,109,109,109,111,111,111
770-86,,,,109,110,9-10,FL,13,,25,102,11,85,109,109,110,113
770-87,,,,,,,,1,,,,111,111,111,111,111,111
770-88,,,,110,?,1-9,FL,7,,28,83,29,82,110,110,111,113
770-90,,,,110,?,1-9,FL,3,,30,90,22,80,110,110,111,112
770-92,,,,110,?,1-9,FL,12,,28,84,29,82,110,110,111,113
770-93,,,,,,,,1,1,1,1,112,112,112,113,113,113
770-94,,,,110,?,1-9,FL,9,,38,82,28,72,110,110,111,113
770-96,,,,110,111,8-9,FL,8,,31,84,27,79,110,110,111,112
770-98,,,,111,?,1-8,FL,4,,41,87,24,70,111,111,111,112
771-01,,,,101,?,10-18,FL,37,,35,94,11,69,101,101,104,112
771-02,,,,111,?,1-8,FL,5,,37,85,27,73,111,111,111,112
771-03,,,,101,?,10-18,FL,39,,42,100,5,62,101,101,105,113
771-05,,,,101,?,10-18,FL,34,,34,92,13,69,101,101,104,112
771-07,,,,101,102,17-18,FL,69,,53,96,6,51,102,101,105,113
771-08,,,,,,,,2,,,1,111,111,112,112,112,112
771-09,,,,102,?,9-17,FL,48,,45,93,14,60,102,102,105,112
771-10,,,,102,?,9-17,FL,49,,37,92,12,67,102,102,104,113
771-12,,,,102,?,9-17,FL,39,,31,84,23,73,102,102,105,112
771-14,,,,102,?,9-17,FL,31,,29,93,10,75,102,102,105,113
771-15,,,,,,,,1,,,,112,112,112,112,112,112
771-16,,,,103,?,8-16,FL,37,,20,89,14,84,102,102,105,113
771-18,,,,103,?,8-16,FL,48,,29,94,15,75,104,102,105,113
771-20,,,,103,?,8-16,FL,29,,29,97,10,75,103,103,105,111
771-21,,,,,,,,1,,,,113,113,113,113,113,113
771-22,,,,103,?,8-16,FL,41,,28,88,22,76,103,103,105,112
771-24,,,,103,104,15-16,FL,41,,23,92,16,81,103,103,105,112
771-26,,,,104,?,7-15,FL,29,,21,94,13,84,104,103,105,111
771-28,,,,104,?,7-15,FL,45,,39,97,9,66,104,102,106,112
771-30,,,,104,?,7-15,FL,27,,15,100,12,90,104,104,106,112
771-32,,,,104,?,7-15,FL,29,,31,85,21,74,104,104,106,113
771-34,,,,104,105,14-15,FL,37,,29,92,15,76,104,104,106,113
771-35,,,,,,,,1,,,,111,111,111,111,111,111
771-36,,,,105,?,6-14,FL,20,,4,52,59,101,105,105,106,112
771-38,,,,105,?,6-14,FL,20,,16,87,21,90,105,105,106,112
771-40,,,,105,?,6-14,FL,27,,12,80,27,93,105,105,106,111
771-42,,,,105,?,6-14,FL,25,,17,90,18,90,105,105,107,112
771-44,,,,105,106,13-14,FL,38,,36,85,21,70,105,105,107,113
771-46,,,,106,?,5-13,FL,14,,16,58,49,90,106,105,107,112
771-48,,,,106,?,5-13,FL,26,,35,94,15,72,106,106,107,112
771-50,,,,106,?,5-13,FL,14,,6,83,24,100,106,106,106,107
771-52,,,,106,?,5-13,FL,19,,29,98,9,78,106,106,108,113
771-54,,,,106,107,12-13,FL,24,,22,84,24,85,106,106,108,112
771-56,,,,107,?,4-12,FL,23,,14,88,20,92,107,106,107,113
771-58,,,,107,?,4-12,FL,15,,3,40,69,104,107,107,107,112
771-60,,,,107,?,4-12,FL,25,,5,72,39,102,107,107,108,113
771-62,,,,107,?,4-12,FL,24,,22,86,22,85,107,107,108,112
771-64,,,,107,?,4-12,FL,17,,5,47,65,102,107,107,108,112
771-66,,,,107,108,11-12,FL,18,,17,87,24,91,107,107,108,111
771-68,,,,108,?,3-11,FL,12,,24,92,19,84,108,107,108,113
771-70,,,,108,?,3-11,FL,13,,22,84,26,86,108,108,108,111
771-71,,,,,,,,2,1,48,95,17,64,111,112,112,112
771-72,,,,108,?,3-11,FL,10,,23,85,27,85,108,108,109,113
771-74,,,,108,?,3-11,FL,12,,13,74,35,96,108,108,109,113
771-76,,,,108,109,10-11,FL,14,,14,78,35,95,108,108,110,113
771-77,,,,,,,,1,,,,111,111,111,111,111,111
771-78,,,,109,?,2-10,FL,14,,21,78,33,89,109,109,110,112
771-80,,,,109,?,2-10,FL,13,,18,73,39,91,109,109,110,113
771-82,,,,109,?,2-10,FL,14,,10,71,40,99,109,109,109,112
771-83,,,,,,,,1,1,1,1,112,112,112,113,113,113
771-84,,,,109,?,2-10,FL,8,,7,54,57,102,109,109,110,111
771-86,,,,109,110,9-10,FL,8,,8,66,46,101,109,109,110,112
771-88,,,,110,?,1-9,FL,9,,24,74,38,86,110,110,111,113
771-90,,,,110,?,1-9,FL,6,,47,84,27,63,110,110,111,112
771-92,,,,110,?,1-9,FL,9,1,49,88,24,61,110,110,111,113
771-94,,,,110,?,1-9,FL,8,,10,81,31,100,110,110,110,112
771-96,,,,110,111,8-9,FL,9,,25,80,32,86,110,110,111,113
771-97,,,,,,,,2,,,1,111,111,111,111,111,112
771-98,,,,111,?,1-8,FL,9,,8,77,35,102,111,111,111,112
772-01,,,,101,?,10-18,FL,38,,33,90,17,71,101,101,104,113
772-02,,,,,,,,6,,,1,111,111,111,111,111,112
772-03,,,,101,?,10-18,FL,70,,45,90,18,59,101,101,105,113
772-05,,,,101,?,10-18,FL,41,,33,90,16,71,101,101,104,113
772-07,,,,102,?,9-17,FL,54,,44,96,10,60,102,101,105,113
772-08,,,,,,,,1,,,,112,112,112,112,112,112
772-09,,,,102,?,9-17,FL,58,,53,97,11,53,102,101,106,112
772-10,,,,102,?,9-17,FL,64,,48,94,11,57,102,102,106,112
772-12,,,,102,?,9-17,FL,37,,29,82,26,75,102,102,104,112
772-14,,,,102,103,16-17,FL,31,,30,93,14,74,102,102,104,112
772-16,,,,103,?,8-16,FL,44,,36,93,14,68,103,102,105,112
772-18,,,,103,?,8-16,FL,50,,32,96,8,72,103,103,105,113
772-20,,,,103,?,8-16,FL,39,,24,95,13,81,103,103,105,112
772-21,,,,,,,,1,,,,111,111,111,111,111,111
772-22,,,,103,?,8-16,FL,42,,25,90,18,79,103,103,105,113
772-24,,,,103,104,15-16,FL,33,,27,84,24,78,103,103,105,112
772-25,,,,,,,,1,,,,111,111,111,111,111,111
772-26,,,,104,?,7-15,FL,35,,27,94,13,77,104,102,105,112
772-28,,,,104,?,7-15,FL,42,,33,95,13,73,104,104,106,113
772-30,,,,104,?,7-15,FL,21,,29,86,21,77,104,104,106,113
772-32,,,,104,?,7-15,FL,30,,21,86,19,84,104,104,105,111
772-34,,,,104,105,14-15,FL,31,,32,94,12,73,104,104,106,113
772-36,,,,105,?,6-14,FL,38,,38,101,5,68,105,104,106,112
772-38,,,,105,?,6-14,FL,28,,19,85,23,87,105,105,106,111
772-40,,,,105,?,6-14,FL,26,,42,87,18,64,105,105,106,111
772-42,,,,105,?,6-14,FL,36,,13,96,13,93,105,105,106,112
772-44,,,,105,106,13-14,FL,31,,10,70,36,96,105,105,107,113
772-46,,,,106,?,5-13,FL,23,,5,82,25,101,106,106,106,112
772-48,,,,106,?,5-13,FL,25,,4,64,44,102,106,106,106,108
772-50,,,,106,?,5-13,FL,29,,40,98,9,68,106,106,108,112
772-52,,,,106,?,5-13,FL,23,,21,82,25,86,107,106,107,112
772-54,,,,106,107,12-13,FL,25,,28,88,21,79,106,106,107,112
772-55,,,,,,,,1,1,1,1,112,112,112,113,113,113
772-56,,,,107,?,4-12,FL,26,,20,92,19,87,107,106,108,113
772-58,,,,107,?,4-12,FL,18,,10,84,25,96,107,107,107,110
772-60,,,,107,?,4-12,FL,14,,31,82,25,76,107,107,108,112
772-61,,,,,,,,1,1,1,1,112,112,112,113,113,113
772-62,,,,,,,,21,,2,32,75,105,107,107,108,113
772-64,,,,,,,,18,,15,80,28,92,107,107,108,113
772-66,,,,,,,,10,,28,85,24,81,107,107,109,113
772-68,,,,,,,,17,,5,68,43,104,108,108,109,113
772-70,,,,,,,,17,,17,91,21,91,108,108,109,113
772-72,,,,,,,,7,,7,46,66,102,108,108,109,112
772-73,,,,,,,,1,,,,112,112,112,112,112,112
772-74,,,,,,,,12,,21,78,34,87,108,108,109,112
772-75,,,,,,,,1,,,,112,112,112,112,112,112
772-76,,,,,,,,13,,6,66,43,103,108,108,109,112
772-77,,,,,,,,1,,,,113,113,113,113,113,113
772-78,,,,,,,,8,,9,77,34,99,109,108,109,111
772-79,,,,,,,,1,1,1,1,111,111,111,112,112,112
772-80,,,,,,,,11,,14,78,34,95,109,109,110,112
772-82,,,,,,,,14,,31,89,22,78,109,108,109,112
772-84,,,,,,,,10,,11,67,46,99,109,109,110,113
772-86,,,,,,,,5,1,15,69,42,95,109,110,110,111
772-88,,,,,,,,11,,34,78,34,76,110,110,110,113
772-90,,,,,,,,3,,22,65,47,89,110,110,111,112
772-91,,,,,,,,2,,,,112,112,113,112,112,113
772-92,,,,,,,,8,,12,79,33,98,110,110,110,112
772-94,,,,,,,,7,,11,51,60,99,110,110,110,111
772-96,,,,,,,,12,1,31,93,20,80,110,111,111,113
772-98,,,,,,,,10,,,2,109,110,111,110,111,113
773-01,,,,,,,,1,1,1,1,112,112,112,113,113,113
773-09,,,,,,,,2,,,1,112,112,112,112,112,113
773-23,,,,,,,,1,,,,112,112,112,112,112,112
773-42,,,,,,,,1,,,,111,111,111,111,111,111
773-47,,,,,,,,2,,34,69,42,77,112,111,111,112
773-52,,,,,,,,1,,,,112,112,112,112,112,112
773-55,,,,,,,,1,1,1,1,111,111,111,112,112,112
773-56,,,,,,,,1,,,,112,112,112,112,112,112
773-59,,,,,,,,1,,,,112,112,112,112,112,112
773-61,,,,,,,,1,73,73,73,39,39,39,112,112,112
773-67,,,,,,,,1,1,1,1,112,112,112,113,113,113
773-76,,,,,,,,1,2,2,2,111,111,111,113,113,113
773-79,,,,,,,,1,1,1,1,112,112,112,113,113,113
773-81,,,,,,,,1,,,,111,111,111,111,111,111
773-88,,,,,,,,1,1,1,1,111,111,111,112,112,112
773-93,,,,,,,,1,1,1,1,112,112,112,113,113,113
773-95,,,,,,,,1,,,,111,111,111,111,111,111
773-96,,,,,,,,1,,,,112,112,112,112,112,112
773-98,,,,,,,,1,,,,112,112,112,112,112,112
773-99,,,,,,,,1,,,,112,112,112,112,112,112
774-05,,,,,,,,1,1,1,1,111,111,111,112,112,112
774-15,,,,,,,,1,,,,112,112,112,112,112,112
774-18,,,,,,,,2,,,1,111,112,113,112,112,113
774-23,,,,,,,,1,,,,112,112,112,112,112,112
774-37,,,,,,,,1,,,,113,113,113,113,113,113
774-49,,,,,,,,1,37,37,37,74,74,74,111,111,111
774-50,,,,,,,,1,32,32,32,80,80,80,112,112,112
774-54,,,,,,,,1,1,1,1,111,111,111,112,112,112
774-65,,,,,,,,1,1,1,1,111,111,111,112,112,112
774-68,,,,,,,,2,62,65,69,43,46,49,111,111,112
774-71,,,,,,,,1,,,,111,111,111,111,111,111
774-73,,,,,,,,1,,,,111,111,111,111,111,111
774-80,,,,,,,,1,,,,112,112,112,112,112,112
774-81,,,,,,,,1,,,,112,112,112,112,112,112
774-90,,,,,,,,1,,,,112,112,112,112,112,112
775-01,,,,,,,,1,,,,112,112,112,112,112,112
775-03,,,,,,,,1,,,,112,112,112,112,112,112
775-10,,,,,,,,2,,,1,111,111,112,112,112,112
775-12,,,,,,,,1,,,,112,112,112,112,112,112
775-20,,,,,,,,1,1,1,1,112,112,112,113,113,113
775-23,,,,,,,,1,,,,112,112,112,112,112,112
775-40,,,,,,,,1,1,1,1,111,111,111,112,112,112
775-53,,,,,,,,1,,,,112,112,112,112,112,112
775-58,,,,,,,,1,,,,111,111,111,111,111,111
775-63,,,,,,,,1,1,1,1,111,111,111,112,112,112
775-68,,,,,,,,1,1,1,1,112,112,112,113,113,113
775-77,,,,,,,,1,,,,111,111,111,111,111,111
775-85,,,,,,,,1,,,,111,111,111,111,111,111
775-89,,,,,,,,1,,,,112,112,112,112,112,112
776-04,,,,,,,,1,,,,111,111,111,111,111,111
776-06,,,,,,,,1,,,,111,111,111,111,111,111
776-14,,,,,,,,1,,,,112,112,112,112,112,112
776-35,,,,,,,,1,,,,112,112,112,112,112,112
776-40,,,,,,,,3,,30,91,21,81,112,111,111,112
776-42,,,,,,,,1,2,2,2,111,111,111,113,113,113
776-55,,,,,,,,1,,,,112,112,112,112,112,112
776-56,,,,,,,,1,1,1,1,111,111,111,112,112,112
776-60,,,,,,,,1,2,2,2,111,111,111,113,113,113
776-67,,,,,,,,1,,,,112,112,112,112,112,112
776-76,,,,,,,,1,,,,112,112,112,112,112,112
776-80,,,,,,,,1,46,46,46,66,66,66,112,112,112
776-83,,,,,,,,1,,,,111,111,111,111,111,111
776-84,,,,,,,,1,,,,112,112,112,112,112,112
776-85,,,,,,,,1,,,,111,111,111,111,111,111
776-95,,,,,,,,1,,,,112,112,112,112,112,112
777-05,,,,,,,,1,,,,113,113,113,113,113,113
777-19,,,,,,,,1,,,,113,113,113,113,113,113
777-27,,,,,,,,1,,,,113,113,113,113,113,113
777-31,,,,,,,,1,,,,112,112,112,112,112,112
777-35,,,,,,,,1,,,,111,111,111,111,111,111
777-38,,,,,,,,1,,,,112,112,112,112,112,112
777-42,,,,,,,,1,,,,112,112,112,112,112,112
777-45,,,,,,,,1,,,,113,113,113,113,113,113
777-50,,,,,,,,1,,,,112,112,112,112,112,112
777-63,,,,,,,,1,1,1,1,111,111,111,112,112,112
777-71,,,,,,,,1,69,69,69,43,43,43,112,112,112
777-72,,,,,,,,1,,,,111,111,111,111,111,111
777-81,,,,,,,,1,,,,112,112,112,112,112,112
777-91,,,,,,,,1,,,,112,112,112,112,112,112
777-96,,,,,,,,1,1,1,1,112,112,112,113,113,113
778-02,,,,,,,,1,,,,112,112,112,112,112,112
778-10,,,,,,,,1,1,1,1,111,111,111,112,112,112
778-13,,,,,,,,1,,,,112,112,112,112,112,112
778-29,,,,,,,,1,,,,112,112,112,112,112,112
778-32,,,,,,,,1,,,,112,112,112,112,112,112
778-33,,,,,,,,1,,,,112,112,112,112,112,112
778-46,,,,,,,,1,,,,112,112,112,112,112,112
778-51,,,,,,,,1,,,,113,113,113,113,113,113
778-68,,,,,,,,1,,,,111,111,111,111,111,111
778-76,,,,,,,,1,1,1,1,111,111,111,112,112,112
778-81,,,,,,,,1,,,,112,112,112,112,112,112
778-94,,,,,,,,1,75,75,75,37,37,37,112,112,112
778-96,,,,,,,,1,,,,112,112,112,112,112,112
778-98,,,,,,,,1,,,,111,111,111,111,111,111
779-02,,,,,,,,1,,,,112,112,112,112,112,112
779-06,,,,,,,,1,2,2,2,110,110,110,112,112,112
779-10,,,,,,,,1,,,,111,111,111,111,111,111
779-11,,,,,,,,1,,,,112,112,112,112,112,112
779-27,,,,,,,,1,,,,111,111,111,111,111,111
779-29,,,,,,,,1,,,,112,112,112,112,112,112
779-31,,,,,,,,1,,,,113,113,113,113,113,113
779-33,,,,,,,,1,,,,112,112,112,112,112,112
779-34,,,,,,,,1,,,,112,112,112,112,112,112
779-48,,,,,,,,1,79,79,79,34,34,34,113,113,113
779-49,,,,,,,,1,,,,112,112,112,112,112,112
779-56,,,,,,,,1,,,,112,112,112,112,112,112
779-64,,,,,,,,1,79,79,79,34,34,34,113,113,113
779-66,,,,,,,,1,,,,112,112,112,112,112,112
779-67,,,,,,,,1,,,,112,112,112,112,112,112
779-68,,,,,,,,1,,,,112,112,112,112,112,112
779-69,,,,,,,,1,79,79,79,33,33,33,112,112,112
779-71,,,,,,,,1,,,,112,112,112,112,112,112
779-76,,,,,,,,1,1,1,1,112,112,112,113,113,113
779-96,,,,,,,,1,20,20,20,93,93,93,113,113,113
779-99,,,,,,,,1,,,,111,111,111,111,111,111
780-06,,,,,,,,1,,,,111,111,111,111,111,111
780-07,,,,,,,,1,,,,112,112,112,112,112,112
780-17,,,,,,,,1,,,,111,111,111,111,111,111
780-36,,,,,,,,1,73,73,73,39,39,39,112,112,112
780-37,,,,,,,,1,,,,112,112,112,112,112,112
780-45,,,,,,,,1,,,,113,113,113,113,113,113
780-52,,,,,,,,2,,,,112,112,112,112,112,112
780-53,,,,,,,,1,,,,112,112,112,112,112,112
780-54,,,,,,,,1,80,80,80,32,32,32,112,112,112
780-55,,,,,,,,1,90,90,90,22,22,22,112,112,112
780-57,,,,,,,,2,75,79,84,28,32,37,112,112,112
780-70,,,,,,,,2,,16,32,81,96,112,112,112,113
780-74,,,,,,,,1,,,,112,112,112,112,112,112
780-87,,,,,,,,1,,,,112,112,112,112,112,112
780-95,,,,,,,,1,,,,113,113,113,113,113,113
781-01,,,,,,,,1,,,,112,112,112,112,112,112
781-18,,,,,,,,1,,,,112,112,112,112,112,112
781-19,,,,,,,,1,70,70,70,43,43,43,113,113,113
781-28,,,,,,,,1,,,,111,111,111,111,111,111
781-30,,,,,,,,1,2,2,2,111,111,111,113,113,113
781-38,,,,,,,,2,1,1,1,111,111,112,112,112,113
781-48,,,,,,,,1,,,,111,111,111,111,111,111
781-51,,,,,,,,1,,,,112,112,112,112,112,112
781-63,,,,,,,,1,,,,112,112,112,112,112,112
781-64,,,,,,,,1,,,,112,112,112,112,112,112
781-69,,,,,,,,1,,,,112,112,112,112,112,112
781-79,,,,,,,,1,2,2,2,111,111,111,113,113,113
781-82,,,,,,,,1,66,66,66,47,47,47,113,113,113
781-84,,,,,,,,1,1,1,1,112,112,112,113,113,113
781-85,,,,,,,,1,,,,113,113,113,113,113,113
781-89,,,,,,,,1,,,,112,112,112,112,112,112
781-95,,,,,,,,1,,,,112,112,112,112,112,112
782-03,,,,,,,,1,,,,112,112,112,112,112,112
782-16,,,,,,,,1,,,,112,112,112,112,112,112
782-22,,,,,,,,1,2,2,2,111,111,111,113,113,113
782-23,,,,,,,,1,,,,112,112,112,112,112,112
782-25,,,,,,,,1,,,,112,112,112,112,112,112
782-30,,,,,,,,1,1,1,1,111,111,111,112,112,112
782-46,,,,,,,,1,,,,112,112,112,112,112,112
782-48,,,,,,,,2,,30,61,51,81,111,111,111,112
782-75,,,,,,,,1,,,,112,112,112,112,112,112
782-90,,,,,,,,1,71,71,71,42,42,42,113,113,113
782-96,,,,,,,,1,1,1,1,112,112,112,113,113,113
783-07,,,,,,,,1,,,,112,112,112,112,112,112
783-15,,,,,,,,1,1,1,1,112,112,112,113,113,113
783-22,,,,,,,,1,,,,111,111,111,111,111,111
783-26,,,,,,,,1,,,,113,113,113,113,113,113
783-50,,,,,,,,1,1,1,1,111,111,111,112,112,112
783-51,,,,,,,,1,,,,111,111,111,111,111,111
783-58,,,,,,,,1,1,1,1,111,111,111,112,112,112
783-61,,,,,,,,1,1,1,1,111,111,111,112,112,112
783-64,,,,,,,,1,47,47,47,65,65,65,112,112,112
783-71,,,,,,,,2,,,,111,111,112,111,111,112
783-73,,,,,,,,2,,41,82,30,71,112,112,112,112
783-81,,,,,,,,1,,,,111,111,111,111,111,111
783-84,,,,,,,,1,,,,111,111,111,111,111,111
784-03,,,,,,,,1,,,,111,111,111,111,111,111
784-04,,,,,,,,2,,,,111,111,112,111,111,112
784-14,,,,,,,,1,1,1,1,112,112,112,113,113,113
784-20,,,,,,,,1,,,,112,112,112,112,112,112
784-31,,,,,,,,2,,,1,111,111,111,111,111,112
784-32,,,,,,,,1,,,,112,112,112,112,112,112
784-35,,,,,,,,1,,,,113,113,113,113,113,113
784-38,,,,,,,,1,,,,111,111,111,111,111,111
784-43,,,,,,,,1,1,1,1,112,112,112,113,113,113
784-57,,,,,,,,1,,,,112,112,112,112,112,112
784-58,,,,,,,,1,,,,112,112,112,112,112,112
784-59,,,,,,,,1,,,,111,111,111,111,111,111
784-76,,,,,,,,1,,,,112,112,112,112,112,112
784-97,,,,,,,,1,,,,112,112,112,112,112,112
785-02,,,,,,,,2,,,1,111,111,111,111,111,112
785-03,,,,,,,,1,,,,111,111,111,111,111,111
785-13,,,,,,,,1,1,1,1,111,111,111,112,112,112
785-14,,,,,,,,2,,,,112,112,112,112,112,112
785-20,,,,,,,,2,,,,112,112,112,112,112,112
785-27,,,,,,,,1,,,,113,113,113,113,113,113
785-29,,,,,,,,2,,,,111,111,111,111,111,111
785-37,,,,,,,,1,,,,112,112,112,112,112,112
785-40,,,,,,,,1,,,,111,111,111,111,111,111
785-42,,,,,,,,1,,,,112,112,112,112,112,112
785-44,,,,,,,,1,1,1,1,111,111,111,112,112,112
785-47,,,,,,,,1,,,,112,112,112,112,112,112
785-74,,,,,,,,1,,,,111,111,111,111,111,111
785-76,,,,,,,,1,,,,112,112,112,112,112,112
785-81,,,,,,,,1,2,2,2,111,111,111,113,113,113
785-83,,,,,,,,1,,,,112,112,112,112,112,112
785-84,,,,,,,,1,,,,112,112,112,112,112,112
785-89,,,,,,,,1,,,,112,112,112,112,112,112
785-91,,,,,,,,2,,1,2,111,111,112,112,112,113
785-94,,,,,,,,1,1,1,1,112,112,112,113,113,113
785-97,,,,,,,,1,,,,112,112,112,112,112,112
786-40,,,,,,,,1,,,,112,112,112,112,112,112
786-54,,,,,,,,1,,,,112,112,112,112,112,112
786-56,,,,,,,,1,20,20,20,91,91,91,111,111,111
786-57,,,,,,,,1,,,,112,112,112,112,112,112
786-58,,,,,,,,1,,,,112,112,112,112,112,112
786-67,,,,,,,,1,,,,112,112,112,112,112,112
786-97,,,,,,,,2,,,,111,111,111,111,111,111
787-05,,,,,,,,1,,,,113,113,113,113,113,113
787-14,,,,,,,,1,1,1,1,112,112,112,113,113,113
787-27,,,,,,,,1,1,1,1,112,112,112,113,113,113
787-43,,,,,,,,1,1,1,1,111,111,111,112,112,112
787-45,,,,,,,,2,,,1,111,111,112,111,112,113
787-51,,,,,,,,1,,,,111,111,111,111,111,111
787-67,,,,,,,,1,1,1,1,111,111,111,112,112,112
788-01,,,,,,,,1,,,,111,111,111,111,111,111
788-05,,,,,,,,1,,,,112,112,112,112,112,112
788-11,,,,,,,,1,1,1,1,112,112,112,113,113,113
788-17,,,,,,,,2,,,,112,112,113,112,112,113
788-18,,,,,,,,1,,,,112,112,112,112,112,112
788-20,,,,,,,,1,,,,112,112,112,112,112,112
788-25,,,,,,,,1,,,,111,111,111,111,111,111
788-28,,,,,,,,2,1,35,70,43,77,111,112,112,113
788-30,,,,,,,,1,91,91,91,22,22,22,113,113,113
788-32,,,,,,,,1,1,1,1,111,111,111,112,112,112
788-33,,,,,,,,1,45,45,45,68,68,68,113,113,113
788-40,,,,,,,,2,,,,112,112,112,112,112,112
788-43,,,,,,,,1,65,65,65,47,47,47,112,112,112
788-46,,,,,,,,1,,,,113,113,113,113,113,113
788-52,,,,,,,,1,1,1,1,111,111,111,112,112,112
788-59,,,,,,,,1,,,,112,112,112,112,112,112
788-64,,,,,,,,2,,,,111,111,112,111,111,112
788-72,,,,,,,,1,2,2,2,111,111,111,113,113,113
788-75,,,,,,,,1,,,,112,112,112,112,112,112
788-76,,,,,,,,1,,,,111,111,111,111,111,111
788-87,,,,,,,,1,,,,112,112,112,112,112,112
788-88,,,,,,,,1,,,,112,112,112,112,112,112
788-93,,,,,,,,1,1,1,1,112,112,112,113,113,113
789-09,,,,,,,,1,1,1,1,111,111,111,112,112,112
789-16,,,,,,,,1,,,,112,112,112,112,112,112
789-18,,,,,,,,1,,,,111,111,111,111,111,111
789-19,,,,,,,,2,,35,71,40,76,112,111,111,112
789-27,,,,,,,,1,1,1,1,112,112,112,113,113,113
789-29,,,,,,,,1,,,,112,112,112,112,112,112
789-34,,,,,,,,1,,,,113,113,113,113,113,113
789-35,,,,,,,,1,,,,112,112,112,112,112,112
789-39,,,,,,,,1,85,85,85,26,26,26,111,111,111
789-59,,,,,,,,1,,,,111,111,111,111,111,111
789-66,,,,,,,,1,,,,113,113,113,113,113,113
789-69,,,,,,,,1,,,,111,111,111,111,111,111
789-73,,,,,,,,2,1,20,39,66,88,111,105,108,112
789-74,,,,,,,,1,,,,112,112,112,112,112,112
789-77,,,,,,,,1,1,1,1,112,112,112,113,113,113
789-88,,,,,,,,1,,,,112,112,112,112,112,112
789-90,,,,,,,,1,,,,112,112,112,112,112,112
789-95,,,,,,,,1,84,84,84,28,28,28,112,112,112
790-03,,,,,,,,1,,,,112,112,112,112,112,112
790-04,,,,,,,,1,,,,111,111,111,111,111,111
790-27,,,,,,,,1,,,,111,111,111,111,111,111
790-35,,,,,,,,1,,,,111,111,111,111,111,111
790-37,,,,,,,,1,,,,112,112,112,112,112,112
790-44,,,,,,,,1,,,,112,112,112,112,112,112
790-47,,,,,,,,1,,,,112,112,112,112,112,112
790-51,,,,,,,,1,,,,112,112,112,112,112,112
790-52,,,,,,,,1,,,,113,113,113,113,113,113
790-66,,,,,,,,1,,,,112,112,112,112,112,112
790-76,,,,,,,,3,,,1,111,111,112,111,112,113
790-78,,,,,,,,1,1,1,1,112,112,112,113,113,113
790-90,,,,,,,,1,,,,112,112,112,112,112,112
791-01,,,,,,,,1,,,,111,111,111,111,111,111
791-05,,,,,,,,1,1,1,1,111,111,111,112,112,112
791-10,,,,,,,,1,1,1,1,111,111,111,112,112,112
791-13,,,,,,,,1,,,,111,111,111,111,111,111
791-17,,,,,,,,1,1,1,1,112,112,112,113,113,113
791-22,,,,,,,,1,1,1,1,112,112,112,113,113,113
791-24,,,,,,,,1,,,,111,111,111,111,111,111
791-40,,,,,,,,1,1,1,1,111,111,111,112,112,112
791-42,,,,,,,,1,,,,111,111,111,111,111,111
791-44,,,,,,,,2,1,1,1,111,111,111,112,112,112
791-47,,,,,,,,1,,,,111,111,111,111,111,111
791-49,,,,,,,,1,1,1,1,112,112,112,113,113,113
791-51,,,,,,,,1,,,,113,113,113,113,113,113
791-60,,,,,,,,1,1,1,1,111,111,111,112,112,112
791-68,,,,,,,,1,,,,113,113,113,113,113,113
791-74,,,,,,,,1,,,,112,112,112,112,112,112
791-76,,,,,,,,1,,,,112,112,112,112,112,112
791-86,,,,,,,,1,97,97,97,15,15,15,112,112,112
791-94,,,,,,,,1,1,1,1,112,112,112,113,113,113
792-05,,,,,,,,1,,,,112,112,112,112,112,112
792-09,,,,,,,,1,1,1,1,112,112,112,113,113,113
792-11,,,,,,,,1,,,,112,112,112,112,112,112
792-33,,,,,,,,1,1,1,1,111,111,111,112,112,112
792-41,,,,,,,,1,1,1,1,111,111,111,112,112,112
792-61,,,,,,,,1,,,,111,111,111,111,111,111
792-62,,,,,,,,1,1,1,1,111,111,111,112,112,112
792-64,,,,,,,,1,,,,112,112,112,112,112,112
792-67,,,,,,,,1,30,30,30,83,83,83,113,113,113
792-69,,,,,,,,1,,,,112,112,112,112,112,112
792-82,,,,,,,,1,,,,112,112,112,112,112,112
792-94,,,,,,,,1,,,,112,112,112,112,112,112
792-97,,,,,,,,1,,,,111,111,111,111,111,111
792-98,,,,,,,,1,,,,112,112,112,112,112,112
793-14,,,,,,,,1,92,92,92,20,20,20,112,112,112
793-18,,,,,,,,1,,,,112,112,112,112,112,112
793-21,,,,,,,,1,,,,113,113,113,113,113,113
793-27,,,,,,,,1,1,1,1,111,111,111,112,112,112
793-33,,,,,,,,2,1,1,1,111,111,112,112,112,113
793-36,,,,,,,,1,,,,111,111,111,111,111,111
793-41,,,,,,,,2,,,,111,111,112,111,111,112
793-56,,,,,,,,1,,,,111,111,111,111,111,111
793-59,,,,,,,,1,,,,112,112,112,112,112,112
793-79,,,,,,,,1,1,1,1,112,112,112,113,113,113
793-86,,,,,,,,1,1,1,1,111,111,111,112,112,112
793-95,,,,,,,,1,,,,112,112,112,112,112,112
793-96,,,,,,,,1,,,,111,111,111,111,111,111
793-98,,,,,,,,1,,,,111,111,111,111,111,111
794-04,,,,,,,,1,,,,111,111,111,111,111,111
794-08,,,,,,,,1,,,,112,112,112,112,112,112
794-29,,,,,,,,1,67,67,67,46,46,46,113,113,113
794-39,,,,,,,,1,2,2,2,111,111,111,113,113,113
794-44,,,,,,,,1,1,1,1,112,112,112,113,113,113
794-49,,,,,,,,1,1,1,1,112,112,112,113,113,113
794-51,,,,,,,,1,,,,112,112,112,112,112,112
794-52,,,,,,,,2,1,1,1,112,112,112,113,113,113
794-62,,,,,,,,1,1,1,1,111,111,111,112,112,112
794-75,,,,,,,,1,,,,111,111,111,111,111,111
794-85,,,,,,,,1,,,,112,112,112,112,112,112
795-05,,,,,,,,1,,,,112,112,112,112,112,112
795-11,,,,,,,,1,,,,112,112,112,112,112,112
795-14,,,,,,,,1,,,,111,111,111,111,111,111
795-26,,,,,,,,2,,12,24,88,100,112,112,112,112
795-31,,,,,,,,1,,,,113,113,113,113,113,113
795-38,,,,,,,,1,,,,111,111,111,111,111,111
795-39,,,,,,,,1,,,,112,112,112,112,112,112
795-42,,,,,,,,1,,,,112,112,112,112,112,112
795-43,,,,,,,,1,,,,112,112,112,112,112,112
795-45,,,,,,,,1,,,,113,113,113,113,113,113
795-46,,,,,,,,1,1,1,1,112,112,112,113,113,113
795-53,,,,,,,,1,,,,112,112,112,112,112,112
795-61,,,,,,,,1,,,,112,112,112,112,112,112
795-67,,,,,,,,1,,,,111,111,111,111,111,111
795-77,,,,,,,,1,,,,111,111,111,111,111,111
796-02,,,,,,,,1,1,1,1,112,112,112,113,113,113
796-03,,,,,,,,1,,,,112,112,112,112,112,112
796-04,,,,,,,,1,,,,113,113,113,113,113,113
796-09,,,,,,,,2,,,,112,112,112,112,112,112
796-12,,,,,,,,1,,,,112,112,112,112,112,112
796-14,,,,,,,,2,1,40,80,32,72,112,112,112,113
796-25,,,,,,,,1,,,,111,111,111,111,111,111
796-36,,,,,,,,1,1,1,1,111,111,111,112,112,112
796-43,,,,,,,,1,,,,112,112,112,112,112,112
796-45,,,,,,,,2,,,1,111,111,112,112,112,112
796-46,,,,,,,,1,,,,111,111,111,111,111,111
796-58,,,,,,,,1,,,,112,112,112,112,112,112
796-60,,,,,,,,1,1,1,1,112,112,112,113,113,113
796-62,,,,,,,,1,1,1,1,111,111,111,112,112,112
796-72,,,,,,,,1,,,,111,111,111,111,111,111
796-78,,,,,,,,1,,,,112,112,112,112,112,112
796-82,,,,,,,,1,,,,111,111,111,111,111,111
796-90,,,,,,,,1,,,,112,112,112,112,112,112
797-07,,,,,,,,1,1,1,1,111,111,111,112,112,112
797-15,,,,,,,,1,,,,112,112,112,112,112,112
797-17,,,,,,,,1,1,1,1,111,111,111,112,112,112
797-20,,,,,,,,1,1,1,1,111,111,111,112,112,112
797-24,,,,,,,,1,1,1,1,111,111,111,112,112,112
797-26,,,,,,,,1,,,,111,111,111,111,111,111
797-27,,,,,,,,1,44,44,44,68,68,68,112,112,112
797-32,,,,,,,,1,62,62,62,50,50,50,112,112,112
797-36,,,,,,,,2,,,,111,111,112,111,111,112
797-37,,,,,,,,1,1,1,1,111,111,111,112,112,112
797-53,,,,,,,,1,,,,112,112,112,112,112,112
797-60,,,,,,,,1,,,,111,111,111,111,111,111
797-63,,,,,,,,1,,,,111,111,111,111,111,111
797-65,,,,,,,,1,1,1,1,112,112,112,113,113,113
797-66,,,,,,,,2,,,1,112,112,112,112,112,113
797-80,,,,,,,,1,,,,112,112,112,112,112,112
797-82,,,,,,,,1,,,,112,112,112,112,112,112
797-83,,,,,,,,1,1,1,1,111,111,111,112,112,112
797-85,,,,,,,,1,46,46,46,66,66,66,112,112,112
797-92,,,,,,,,1,1,1,1,111,111,111,112,112,112
797-95,,,,,,,,1,,,,112,112,112,112,112,112
798-10,,,,,,,,1,,,,113,113,113,113,113,113
798-11,,,,,,,,1,,,,112,112,112,112,112,112
798-13,,,,,,,,1,,,,112,112,112,112,112,112
798-20,,,,,,,,1,,,,111,111,111,111,111,111
798-28,,,,,,,,1,,,,112,112,112,112,112,112
798-38,,,,,,,,1,1,1,1,112,112,112,113,113,113
798-39,,,,,,,,1,1,1,1,112,112,112,113,113,113
798-42,,,,,,,,1,1,1,1,112,112,112,113,113,113
798-48,,,,,,,,1,,,,113,113,113,113,113,113
798-56,,,,,,,,1,,,,112,112,112,112,112,112
798-75,,,,,,,,1,,,,111,111,111,111,111,111
798-79,,,,,,,,1,,,,112,112,112,112,112,112
798-86,,,,,,,,1,,,,113,113,113,113,113,113
798-89,,,,,,,,1,48,48,48,64,64,64,112,112,112
799-03,,,,,,,,1,,,,112,112,112,112,112,112
799-04,,,,,,,,1,,,,112,112,112,112,112,112
799-05,,,,,,,,1,,,,112,112,112,112,112,112
799-07,,,,,,,,1,,,,111,111,111,111,111,111
799-19,,,,,,,,1,,,,113,113,113,113,113,113
799-34,,,,,,,,1,,,,112,112,112,112,112,112
799-52,,,,,,,,1,,,,112,112,112,112,112,112
799-58,,,,,,,,1,,,,110,110,110,110,110,110
799-64,,,,,,,,1,1,1,1,111,111,111,112,112,112
799-87,,,,,,,,1,,,,111,111,111,111,111,111
799-88,,,,,,,,1,,,,112,112,112,112,112,112
799-95,,,,,,,,1,,,,112,112,112,112,112,112
799-96,,,,,,,,1,1,1,1,111,111,111,112,112,112
799-98,,,,,,,,1,,,,111,111,111,111,111,111
800-02,,,,,,,,1,,,,112,112,112,112,112,112
800-13,,,,,,,,1,,,,112,112,112,112,112,112
800-21,,,,,,,,1,72,72,72,39,39,39,111,111,111
800-25,,,,,,,,1,,,,112,112,112,112,112,112
800-40,,,,,,,,1,1,1,1,111,111,111,112,112,112
800-43,,,,,,,,1,,,,112,112,112,112,112,112
800-69,,,,,,,,1,1,1,1,111,111,111,112,112,112
800-71,,,,,,,,1,1,1,1,112,112,112,113,113,113
800-75,,,,,,,,1,,,,112,112,112,112,112,112
800-89,,,,,,,,1,,,,112,112,112,112,112,112
800-96,,,,,,,,1,,,,111,111,111,111,111,111