801-12,,,,,,,,1,,,,112,112,112,112,112,112
801-14,,,,,,,,1,,,,113,113,113,113,113,113
801-18,,,,,,,,1,,,,112,112,112,112,112,112
801-30,,,,,,,,1,,,,111,111,111,111,111,111
801-31,,,,,,,,1,,,,112,112,112,112,112,112
801-33,,,,,,,,1,1,1,1,112,112,112,113,113,113
801-41,,,,,,,,1,,,,111,111,111,111,111,111
801-51,,,,,,,,1,,,,112,112,112,112,112,112
801-62,,,,,,,,1,1,1,1,112,112,112,113,113,113
801-64,,,,,,,,1,,,,113,113,113,113,113,113
801-66,,,,,,,,1,1,1,1,111,111,111,112,112,112
801-67,,,,,,,,1,,,,113,113,113,113,113,113
801-87,,,,,,,,1,1,1,1,112,112,112,113,113,113
801-90,,,,,,,,1,1,1,1,112,112,112,113,113,113
801-96,,,,,,,,1,1,1,1,111,111,111,112,112,112
802-20,,,,,,,,1,1,1,1,111,111,111,112,112,112
802-39,,,,,,,,1,,,,112,112,112,112,112,112
802-43,,,,,,,,1,1,1,1,112,112,112,113,113,113
802-49,,,,,,,,1,1,1,1,112,112,112,113,113,113
802-50,,,,,,,,1,1,1,1,111,111,111,112,112,112
802-69,,,,,,,,1,1,1,1,111,111,111,112,112,112
802-82,,,,,,,,1,1,1,1,112,112,112,113,113,113
802-84,,,,,,,,1,,,,112,112,112,112,112,112
802-88,,,,,,,,1,1,1,1,112,112,112,113,113,113
802-94,,,,,,,,1,,,,112,112,112,112,112,112
803-06,,,,,,,,1,1,1,1,111,111,111,112,112,112
803-13,,,,,,,,1,1,1,1,111,111,111,112,112,112
803-17,,,,,,,,1,1,1,1,112,112,112,113,113,113
803-22,,,,,,,,1,,,,111,111,111,111,111,111
803-28,,,,,,,,1,,,,111,111,111,111,111,111
803-31,,,,,,,,1,,,,111,111,111,111,111,111
803-41,,,,,,,,1,,,,111,111,111,111,111,111
803-47,,,,,,,,3,,,,111,111,112,111,111,112
803-53,,,,,,,,1,,,,112,112,112,112,112,112
803-63,,,,,,,,1,,,,112,112,112,112,112,112
803-65,,,,,,,,1,1,1,1,112,112,112,113,113,113
803-76,,,,,,,,1,,,,112,112,112,112,112,112
803-83,,,,,,,,1,1,1,1,111,111,111,112,112,112
803-84,,,,,,,,1,2,2,2,111,111,111,113,113,113
803-87,,,,,,,,1,,,,111,111,111,111,111,111
803-95,,,,,,,,1,25,25,25,87,87,87,112,112,112
803-96,,,,,,,,1,1,1,1,112,112,112,113,113,113
804-05,,,,,,,,1,,,,112,112,112,112,112,112
804-06,,,,,,,,1,1,1,1,111,111,111,112,112,112
804-08,,,,,,,,1,,,,112,112,112,112,112,112
804-10,,,,,,,,1,75,75,75,38,38,38,113,113,113
804-12,,,,,,,,1,,,,111,111,111,111,111,111
804-17,,,,,,,,1,1,1,1,111,111,111,112,112,112
804-26,,,,,,,,1,,,,111,111,111,111,111,111
804-32,,,,,,,,1,1,1,1,111,111,111,112,112,112
804-33,,,,,,,,1,,,,112,112,112,112,112,112
804-36,,,,,,,,1,,,,112,112,112,112,112,112
804-39,,,,,,,,1,,,,112,112,112,112,112,112
804-42,,,,,,,,1,,,,112,112,112,112,112,112
804-43,,,,,,,,1,,,,112,112,112,112,112,112
804-50,,,,,,,,1,,,,112,112,112,112,112,112
804-51,,,,,,,,1,,,,112,112,112,112,112,112
804-54,,,,,,,,1,1,1,1,112,112,112,113,113,113
804-65,,,,,,,,1,,,,112,112,112,112,112,112
804-68,,,,,,,,1,56,56,56,57,57,57,113,113,113
804-77,,,,,,,,1,,,,112,112,112,112,112,112
804-85,,,,,,,,1,,,,112,112,112,112,112,112
804-89,,,,,,,,1,,,,113,113,113,113,113,113
804-90,,,,,,,,1,,,,113,113,113,113,113,113
805-03,,,,,,,,1,,,,112,112,112,112,112,112
805-09,,,,,,,,1,2,2,2,111,111,111,113,113,113
805-15,,,,,,,,1,,,,112,112,112,112,112,112
805-20,,,,,,,,1,1,1,1,111,111,111,112,112,112
805-25,,,,,,,,2,,,,112,112,112,112,112,112
805-35,,,,,,,,1,,,,112,112,112,112,112,112
805-36,,,,,,,,2,,,1,112,112,112,112,112,113
805-37,,,,,,,,1,,,,113,113,113,113,113,113
805-39,,,,,,,,1,,,,112,112,112,112,112,112
805-54,,,,,,,,1,,,,112,112,112,112,112,112
805-56,,,,,,,,1,90,90,90,23,23,23,113,113,113
805-84,,,,,,,,1,1,1,1,112,112,112,113,113,113
805-89,,,,,,,,1,,,,112,112,112,112,112,112
805-90,,,,,,,,1,,,,112,112,112,112,112,112
805-91,,,,,,,,1,,,,113,113,113,113,113,113
806-04,,,,,,,,1,,,,111,111,111,111,111,111
806-08,,,,,,,,1,,,,112,112,112,112,112,112
806-15,,,,,,,,1,,,,112,112,112,112,112,112
806-16,,,,,,,,1,1,1,1,112,112,112,113,113,113
806-17,,,,,,,,1,1,1,1,112,112,112,113,113,113
806-20,,,,,,,,1,,,,112,112,112,112,112,112
806-21,,,,,,,,1,1,1,1,111,111,111,112,112,112
806-22,,,,,,,,1,,,,112,112,112,112,112,112
806-36,,,,,,,,1,,,,111,111,111,111,111,111
806-40,,,,,,,,1,,,,111,111,111,111,111,111
806-42,,,,,,,,2,,,1,111,111,112,112,112,112
806-45,,,,,,,,1,,,,112,112,112,112,112,112
806-51,,,,,,,,1,,,,112,112,112,112,112,112
806-57,,,,,,,,1,,,,112,112,112,112,112,112
806-59,,,,,,,,1,1,1,1,112,112,112,113,113,113
806-61,,,,,,,,1,1,1,1,111,111,111,112,112,112
806-75,,,,,,,,1,,,,112,112,112,112,112,112
806-84,,,,,,,,1,,,,112,112,112,112,112,112
806-94,,,,,,,,1,71,71,71,42,42,42,113,113,113
806-95,,,,,,,,1,1,1,1,111,111,111,112,112,112
807-02,,,,,,,,1,1,1,1,111,111,111,112,112,112
807-17,,,,,,,,1,1,1,1,112,112,112,113,113,113
807-20,,,,,,,,1,70,70,70,43,43,43,113,113,113
807-40,,,,,,,,1,1,1,1,112,112,112,113,113,113
807-59,,,,,,,,1,,,,112,112,112,112,112,112
807-65,,,,,,,,1,1,1,1,112,112,112,113,113,113
807-67,,,,,,,,1,,,,112,112,112,112,112,112
807-70,,,,,,,,1,1,1,1,111,111,111,112,112,112
807-72,,,,,,,,2,,,1,112,112,112,112,112,113
807-75,,,,,,,,1,1,1,1,112,112,112,113,113,113
807-86,,,,,,,,1,1,1,1,111,111,111,112,112,112
807-88,,,,,,,,1,1,1,1,112,112,112,113,113,113
807-90,,,,,,,,1,,,,111,111,111,111,111,111
807-97,,,,,,,,1,,,,112,112,112,112,112,112
808-04,,,,,,,,1,,,,112,112,112,112,112,112
808-15,,,,,,,,1,1,1,1,111,111,111,112,112,112
808-16,,,,,,,,1,,,,113,113,113,113,113,113
808-23,,,,,,,,1,,,,111,111,111,111,111,111
808-30,,,,,,,,1,94,94,94,18,18,18,112,112,112
808-33,,,,,,,,1,1,1,1,112,112,112,113,113,113
808-47,,,,,,,,2,,,1,111,111,112,112,112,112
808-53,,,,,,,,1,,,,112,112,112,112,112,112
808-56,,,,,,,,1,1,1,1,112,112,112,113,113,113
808-70,,,,,,,,1,,,,111,111,111,111,111,111
808-77,,,,,,,,1,,,,112,112,112,112,112,112
808-78,,,,,,,,1,1,1,1,112,112,112,113,113,113
808-79,,,,,,,,1,,,,112,112,112,112,112,112
808-82,,,,,,,,2,1,19,37,76,93,111,112,112,113
808-86,,,,,,,,1,1,1,1,111,111,111,112,112,112
808-92,,,,,,,,1,1,1,1,111,111,111,112,112,112
808-97,,,,,,,,1,1,1,1,112,112,112,113,113,113
809-01,,,,,,,,1,,,,111,111,111,111,111,111
809-02,,,,,,,,1,,,,112,112,112,112,112,112
809-20,,,,,,,,1,1,1,1,111,111,111,112,112,112
809-22,,,,,,,,1,1,1,1,111,111,111,112,112,112
809-35,,,,,,,,1,,,,111,111,111,111,111,111
809-45,,,,,,,,1,,,,111,111,111,111,111,111
809-48,,,,,,,,1,1,1,1,112,112,112,113,113,113
809-49,,,,,,,,1,,,,112,112,112,112,112,112
809-52,,,,,,,,1,1,1,1,111,111,111,112,112,112
809-65,,,,,,,,1,,,,113,113,113,113,113,113
809-68,,,,,,,,1,,,,111,111,111,111,111,111
809-70,,,,,,,,1,,,,112,112,112,112,112,112
809-75,,,,,,,,1,1,1,1,112,112,112,113,113,113
809-76,,,,,,,,1,,,,112,112,112,112,112,112
809-81,,,,,,,,2,,,1,111,111,112,112,112,112
809-87,,,,,,,,1,1,1,1,111,111,111,112,112,112
809-89,,,,,,,,1,1,1,1,111,111,111,112,112,112
809-93,,,,,,,,1,,,,112,112,112,112,112,112
809-96,,,,,,,,1,,,,111,111,111,111,111,111
810-11,,,,,,,,1,84,84,84,28,28,28,112,112,112
810-12,,,,,,,,1,,,,111,111,111,111,111,111
810-19,,,,,,,,1,1,1,1,111,111,111,112,112,112
810-26,,,,,,,,1,,,,112,112,112,112,112,112
810-27,,,,,,,,1,,,,111,111,111,111,111,111
810-37,,,,,,,,1,,,,111,111,111,111,111,111
810-41,,,,,,,,1,1,1,1,112,112,112,113,113,113
810-44,,,,,,,,1,1,1,1,112,112,112,113,113,113
810-47,,,,,,,,1,,,,113,113,113,113,113,113
810-48,,,,,,,,1,,,,111,111,111,111,111,111
810-59,,,,,,,,1,,,,112,112,112,112,112,112
810-60,,,,,,,,1,64,64,64,49,49,49,113,113,113
810-64,,,,,,,,1,76,76,76,37,37,37,113,113,113
810-69,,,,,,,,1,1,1,1,111,111,111,112,112,112
810-74,,,,,,,,1,1,1,1,112,112,112,113,113,113
810-75,,,,,,,,1,,,,111,111,111,111,111,111
810-84,,,,,,,,1,,,,112,112,112,112,112,112
810-96,,,,,,,,1,,,,112,112,112,112,112,112
811-07,,,,,,,,1,,,,112,112,112,112,112,112
811-12,,,,,,,,1,1,1,1,111,111,111,112,112,112
811-22,,,,,,,,1,84,84,84,28,28,28,112,112,112
811-24,,,,,,,,1,,,,112,112,112,112,112,112
811-25,,,,,,,,1,,,,112,112,112,112,112,112
811-26,,,,,,,,1,60,60,60,53,53,53,113,113,113
811-32,,,,,,,,1,,,,111,111,111,111,111,111
811-38,,,,,,,,1,1,1,1,112,112,112,113,113,113
811-39,,,,,,,,1,1,1,1,111,111,111,112,112,112
811-46,,,,,,,,1,1,1,1,112,112,112,113,113,113
811-51,,,,,,,,1,,,,111,111,111,111,111,111
811-55,,,,,,,,1,,,,112,112,112,112,112,112
811-59,,,,,,,,1,1,1,1,112,112,112,113,113,113
811-75,,,,,,,,1,1,1,1,111,111,111,112,112,112
811-82,,,,,,,,1,1,1,1,111,111,111,112,112,112
811-95,,,,,,,,1,,,,111,111,111,111,111,111
811-96,,,,,,,,1,1,1,1,112,112,112,113,113,113
812-02,,,,,,,,1,,,,112,112,112,112,112,112
812-04,,,,,,,,1,,,,112,112,112,112,112,112
812-09,,,,,,,,1,1,1,1,112,112,112,113,113,113
812-10,,,,,,,,1,1,1,1,111,111,111,112,112,112
812-18,,,,,,,,1,,,,111,111,111,111,111,111
812-21,,,,,,,,1,86,86,86,26,26,26,112,112,112
812-55,,,,,,,,1,,,,111,111,111,111,111,111
812-57,,,,,,,,1,,,,111,111,111,111,111,111
812-81,,,,,,,,1,,,,111,111,111,111,111,111
812-85,,,,,,,,1,1,1,1,111,111,111,112,112,112
813-10,,,,,,,,1,,,,112,112,112,112,112,112
813-18,,,,,,,,1,,,,112,112,112,112,112,112
813-34,,,,,,,,1,,,,111,111,111,111,111,111
813-39,,,,,,,,1,,,,112,112,112,112,112,112
813-41,,,,,,,,2,1,1,1,111,111,112,112,112,113
813-45,,,,,,,,1,,,,111,111,111,111,111,111
813-46,,,,,,,,1,,,,113,113,113,113,113,113
813-47,,,,,,,,1,,,,111,111,111,111,111,111
813-53,,,,,,,,1,1,1,1,111,111,111,112,112,112
813-59,,,,,,,,1,,,,112,112,112,112,112,112
813-70,,,,,,,,1,,,,112,112,112,112,112,112
813-72,,,,,,,,1,,,,112,112,112,112,112,112
813-74,,,,,,,,1,,,,112,112,112,112,112,112
813-76,,,,,,,,1,,,,112,112,112,112,112,112
813-84,,,,,,,,1,1,1,1,111,111,111,112,112,112
813-85,,,,,,,,1,,,,111,111,111,111,111,111
813-88,,,,,,,,1,,,,112,112,112,112,112,112
813-92,,,,,,,,1,1,1,1,111,111,111,112,112,112
814-01,,,,,,,,1,,,,112,112,112,112,112,112
814-04,,,,,,,,1,,,,112,112,112,112,112,112
814-09,,,,,,,,1,,,,113,113,113,113,113,113
814-16,,,,,,,,1,,,,112,112,112,112,112,112
814-22,,,,,,,,2,,,1,111,111,112,112,112,112
814-23,,,,,,,,1,1,1,1,112,112,112,113,113,113
814-28,,,,,,,,1,,,,112,112,112,112,112,112
814-30,,,,,,,,1,,,,112,112,112,112,112,112
814-31,,,,,,,,1,27,27,27,86,86,86,113,113,113
814-49,,,,,,,,1,,,,112,112,112,112,112,112
814-51,,,,,,,,1,2,2,2,111,111,111,113,113,113
814-55,,,,,,,,1,,,,112,112,112,112,112,112
814-57,,,,,,,,1,,,,111,111,111,111,111,111
814-61,,,,,,,,1,,,,111,111,111,111,111,111
814-69,,,,,,,,1,1,1,1,111,111,111,112,112,112
814-71,,,,,,,,1,1,1,1,111,111,111,112,112,112
814-75,,,,,,,,1,,,,112,112,112,112,112,112
814-76,,,,,,,,1,,,,112,112,112,112,112,112
814-87,,,,,,,,1,,,,112,112,112,112,112,112
814-90,,,,,,,,1,,,,112,112,112,112,112,112
814-91,,,,,,,,1,,,,112,112,112,112,112,112
814-92,,,,,,,,1,1,1,1,112,112,112,113,113,113
814-94,,,,,,,,1,,,,111,111,111,111,111,111
815-10,,,,,,,,1,1,1,1,112,112,112,113,113,113
815-11,,,,,,,,1,,,,111,111,111,111,111,111
815-18,,,,,,,,1,86,86,86,26,26,26,112,112,112
815-31,,,,,,,,1,,,,112,112,112,112,112,112
815-36,,,,,,,,1,2,2,2,111,111,111,113,113,113
815-41,,,,,,,,1,,,,112,112,112,112,112,112
815-43,,,,,,,,1,1,1,1,112,112,112,113,113,113
815-48,,,,,,,,1,,,,111,111,111,111,111,111
815-50,,,,,,,,1,,,,111,111,111,111,111,111
815-52,,,,,,,,1,,,,111,111,111,111,111,111
815-53,,,,,,,,1,1,1,1,112,112,112,113,113,113
815-55,,,,,,,,1,,,,112,112,112,112,112,112
815-57,,,,,,,,1,,,,111,111,111,111,111,111
815-69,,,,,,,,2,,,1,111,111,112,111,112,113
815-75,,,,,,,,1,1,1,1,111,111,111,112,112,112
815-77,,,,,,,,1,,,,112,112,112,112,112,112
815-78,,,,,,,,1,1,1,1,111,111,111,112,112,112
815-79,,,,,,,,1,,,,112,112,112,112,112,112
816-03,,,,,,,,1,,,,113,113,113,113,113,113
816-06,,,,,,,,1,1,1,1,111,111,111,112,112,112
816-13,,,,,,,,2,,,1,111,112,113,112,112,113
816-25,,,,,,,,1,,,,113,113,113,113,113,113
816-37,,,,,,,,1,1,1,1,112,112,112,113,113,113
816-38,,,,,,,,1,,,,111,111,111,111,111,111
816-44,,,,,,,,1,1,1,1,111,111,111,112,112,112
816-60,,,,,,,,1,,,,112,112,112,112,112,112
816-62,,,,,,,,1,,,,112,112,112,112,112,112
816-80,,,,,,,,1,1,1,1,111,111,111,112,112,112
816-81,,,,,,,,2,,,1,112,112,112,112,112,113
816-97,,,,,,,,1,1,1,1,111,111,111,112,112,112
817-09,,,,,,,,2,,,1,111,111,112,111,112,113
817-37,,,,,,,,1,,,,112,112,112,112,112,112
817-43,,,,,,,,1,,,,112,112,112,112,112,112
817-50,,,,,,,,2,,35,71,41,76,112,112,112,112
817-52,,,,,,,,1,1,1,1,111,111,111,112,112,112
817-55,,,,,,,,2,,,,111,111,111,111,111,111
817-63,,,,,,,,1,1,1,1,112,112,112,113,113,113
817-64,,,,,,,,1,,,,111,111,111,111,111,111
817-73,,,,,,,,1,,,,111,111,111,111,111,111
817-75,,,,,,,,1,,,,112,112,112,112,112,112
817-76,,,,,,,,1,55,55,55,57,57,57,112,112,112
817-89,,,,,,,,1,1,1,1,111,111,111,112,112,112
817-91,,,,,,,,1,,,,112,112,112,112,112,112
817-97,,,,,,,,1,1,1,1,112,112,112,113,113,113
817-99,,,,,,,,1,1,1,1,112,112,112,113,113,113
818-05,,,,,,,,1,,,,112,112,112,112,112,112
818-13,,,,,,,,1,,,,112,112,112,112,112,112
818-33,,,,,,,,2,,,1,112,112,112,112,112,113
818-44,,,,,,,,1,,,,111,111,111,111,111,111
818-54,,,,,,,,1,,,,112,112,112,112,112,112
818-59,,,,,,,,2,,,,111,111,112,111,111,112
818-60,,,,,,,,1,,,,113,113,113,113,113,113
818-63,,,,,,,,1,,,,111,111,111,111,111,111
818-67,,,,,,,,2,,,1,111,111,111,111,111,112
818-69,,,,,,,,1,67,67,67,45,45,45,112,112,112
818-73,,,,,,,,1,1,1,1,111,111,111,112,112,112
818-75,,,,,,,,1,,,,113,113,113,113,113,113
818-77,,,,,,,,1,1,1,1,112,112,112,113,113,113
818-78,,,,,,,,1,,,,111,111,111,111,111,111
818-80,,,,,,,,1,84,84,84,29,29,29,113,113,113
818-81,,,,,,,,1,,,,112,112,112,112,112,112
818-88,,,,,,,,2,,,,112,112,112,112,112,112
818-89,,,,,,,,1,,,,112,112,112,112,112,112
818-90,,,,,,,,1,,,,112,112,112,112,112,112
818-91,,,,,,,,1,,,,112,112,112,112,112,112
818-93,,,,,,,,1,,,,112,112,112,112,112,112
818-97,,,,,,,,1,86,86,86,26,26,26,112,112,112
819-03,,,,,,,,2,,,1,111,111,112,112,112,112
819-13,,,,,,,,1,71,71,71,41,41,41,112,112,112
819-16,,,,,,,,1,71,71,71,41,41,41,112,112,112
819-36,,,,,,,,1,,,,111,111,111,111,111,111
819-40,,,,,,,,1,,,,111,111,111,111,111,111
819-55,,,,,,,,1,,,,113,113,113,113,113,113
819-62,,,,,,,,1,,,,111,111,111,111,111,111
819-74,,,,,,,,1,,,,111,111,111,111,111,111
819-78,,,,,,,,1,,,,111,111,111,111,111,111
819-80,,,,,,,,2,,17,35,77,94,112,112,112,112
819-85,,,,,,,,1,1,1,1,111,111,111,112,112,112
819-89,,,,,,,,1,,,,112,112,112,112,112,112
819-97,,,,,,,,1,,,,112,112,112,112,112,112
820-02,,,,,,,,1,,,,111,111,111,111,111,111
820-26,,,,,,,,1,,,,112,112,112,112,112,112
820-31,,,,,,,,1,,,,111,111,111,111,111,111
820-34,,,,,,,,1,1,1,1,112,112,112,113,113,113
820-59,,,,,,,,1,,,,111,111,111,111,111,111
820-67,,,,,,,,1,,,,112,112,112,112,112,112
820-70,,,,,,,,1,,,,112,112,112,112,112,112
820-73,,,,,,,,1,,,,111,111,111,111,111,111
820-76,,,,,,,,1,1,1,1,111,111,111,112,112,112
820-84,,,,,,,,1,,,,112,112,112,112,112,112
820-92,,,,,,,,1,,,,112,112,112,112,112,112
820-95,,,,,,,,1,2,2,2,111,111,111,113,113,113
821-05,,,,,,,,1,,,,112,112,112,112,112,112
821-08,,,,,,,,1,,,,111,111,111,111,111,111
821-12,,,,,,,,1,,,,111,111,111,111,111,111
821-19,,,,,,,,1,,,,112,112,112,112,112,112
821-31,,,,,,,,1,,,,112,112,112,112,112,112
821-39,,,,,,,,1,1,1,1,112,112,112,113,113,113
821-43,,,,,,,,1,1,1,1,112,112,112,113,113,113
821-55,,,,,,,,1,1,1,1,111,111,111,112,112,112
821-60,,,,,,,,2,,,1,111,111,112,112,112,112
821-67,,,,,,,,1,,,,111,111,111,111,111,111
821-78,,,,,,,,1,2,2,2,111,111,111,113,113,113
821-88,,,,,,,,1,1,1,1,112,112,112,113,113,113
821-89,,,,,,,,1,1,1,1,112,112,112,113,113,113
822-18,,,,,,,,1,,,,112,112,112,112,112,112
822-22,,,,,,,,2,,,1,111,111,112,111,112,113
822-29,,,,,,,,1,,,,112,112,112,112,112,112
822-30,,,,,,,,1,,,,112,112,112,112,112,112
822-35,,,,,,,,1,,,,112,112,112,112,112,112
822-36,,,,,,,,1,,,,112,112,112,112,112,112
822-47,,,,,,,,1,,,,112,112,112,112,112,112
822-49,,,,,,,,1,,,,112,112,112,112,112,112
822-51,,,,,,,,1,,,,111,111,111,111,111,111
822-56,,,,,,,,1,1,1,1,111,111,111,112,112,112
822-57,,,,,,,,1,,,,111,111,111,111,111,111
822-70,,,,,,,,1,,,,111,111,111,111,111,111
822-74,,,,,,,,1,1,1,1,111,111,111,112,112,112
822-96,,,,,,,,1,48,48,48,65,65,65,113,113,113
823-10,,,,,,,,1,1,1,1,111,111,111,112,112,112
823-12,,,,,,,,1,1,1,1,111,111,111,112,112,112
823-14,,,,,,,,1,,,,112,112,112,112,112,112
823-15,,,,,,,,1,1,1,1,112,112,112,113,113,113
823-31,,,,,,,,1,,,,112,112,112,112,112,112
823-39,,,,,,,,1,1,1,1,111,111,111,112,112,112
823-44,,,,,,,,1,1,1,1,111,111,111,112,112,112
823-55,,,,,,,,2,,37,74,39,75,112,112,112,113
823-65,,,,,,,,1,,,,112,112,112,112,112,112
823-68,,,,,,,,1,,,,111,111,111,111,111,111
823-73,,,,,,,,2,,,1,111,111,112,111,112,113
823-74,,,,,,,,1,,,,112,112,112,112,112,112
823-78,,,,,,,,1,1,1,1,111,111,111,112,112,112
823-90,,,,,,,,1,1,1,1,111,111,111,112,112,112
823-93,,,,,,,,1,72,72,72,40,40,40,112,112,112
823-94,,,,,,,,1,,,,112,112,112,112,112,112
823-99,,,,,,,,2,,42,85,28,70,112,112,112,113
824-01,,,,,,,,2,,32,64,49,80,112,112,112,113
824-18,,,,,,,,1,,,,111,111,111,111,111,111
824-25,,,,,,,,1,,,,113,113,113,113,113,113
824-35,,,,,,,,1,1,1,1,112,112,112,113,113,113
824-37,,,,,,,,1,1,1,1,111,111,111,112,112,112
824-38,,,,,,,,1,,,,113,113,113,113,113,113
824-48,,,,,,,,2,,,,111,111,112,111,111,112
824-51,,,,,,,,1,,,,112,112,112,112,112,112
824-64,,,,,,,,2,,,,111,112,113,111,112,113
824-89,,,,,,,,1,,,,112,112,112,112,112,112
825-10,,,,,,,,1,,,,111,111,111,111,111,111
825-14,,,,,,,,1,,,,112,112,112,112,112,112
825-21,,,,,,,,1,,,,111,111,111,111,111,111
825-49,,,,,,,,1,1,1,1,112,112,112,113,113,113
825-52,,,,,,,,1,,,,112,112,112,112,112,112
825-75,,,,,,,,1,,,,112,112,112,112,112,112
825-80,,,,,,,,1,,,,112,112,112,112,112,112
825-85,,,,,,,,1,,,,112,112,112,112,112,112
825-87,,,,,,,,1,,,,112,112,112,112,112,112
825-90,,,,,,,,1,,,,111,111,111,111,111,111
826-01,,,,,,,,1,,,,112,112,112,112,112,112
826-03,,,,,,,,1,,,,112,112,112,112,112,112
826-07,,,,,,,,1,,,,111,111,111,111,111,111
826-08,,,,,,,,1,,,,111,111,111,111,111,111
826-27,,,,,,,,1,,,,112,112,112,112,112,112
826-39,,,,,,,,1,79,79,79,33,33,33,112,112,112
826-43,,,,,,,,2,,11,23,88,100,112,111,111,112
826-70,,,,,,,,1,71,71,71,41,41,41,112,112,112
826-72,,,,,,,,1,97,97,97,16,16,16,113,113,113
826-77,,,,,,,,1,,,,112,112,112,112,112,112
826-80,,,,,,,,1,,,,112,112,112,112,112,112
826-81,,,,,,,,2,1,1,1,111,111,111,112,112,112
826-85,,,,,,,,1,1,1,1,111,111,111,112,112,112
826-95,,,,,,,,1,1,1,1,111,111,111,112,112,112
827-03,,,,,,,,1,,,,111,111,111,111,111,111
827-21,,,,,,,,1,,,,112,112,112,112,112,112
827-25,,,,,,,,1,69,69,69,43,43,43,112,112,112
827-30,,,,,,,,1,1,1,1,112,112,112,113,113,113
827-53,,,,,,,,1,1,1,1,111,111,111,112,112,112
827-55,,,,,,,,1,47,47,47,65,65,65,112,112,112
827-65,,,,,,,,1,1,1,1,112,112,112,113,113,113
827-67,,,,,,,,1,1,1,1,111,111,111,112,112,112
827-72,,,,,,,,1,1,1,1,112,112,112,113,113,113
827-79,,,,,,,,1,,,,112,112,112,112,112,112
827-98,,,,,,,,2,,,1,111,111,111,111,111,112
828-02,,,,,,,,1,,,,112,112,112,112,112,112
828-08,,,,,,,,1,,,,112,112,112,112,112,112
828-09,,,,,,,,1,,,,113,113,113,113,113,113
828-16,,,,,,,,1,,,,112,112,112,112,112,112
828-20,,,,,,,,1,,,,112,112,112,112,112,112
828-23,,,,,,,,1,,,,112,112,112,112,112,112
828-32,,,,,,,,1,1,1,1,112,112,112,113,113,113
828-37,,,,,,,,1,,,,111,111,111,111,111,111
828-39,,,,,,,,1,,,,112,112,112,112,112,112
828-42,,,,,,,,1,,,,112,112,112,112,112,112
828-43,,,,,,,,1,1,1,1,111,111,111,112,112,112
828-48,,,,,,,,1,,,,111,111,111,111,111,111
828-65,,,,,,,,2,,,1,112,112,112,112,112,113
828-71,,,,,,,,1,70,70,70,43,43,43,113,113,113
828-76,,,,,,,,1,1,1,1,112,112,112,113,113,113
828-83,,,,,,,,1,1,1,1,112,112,112,113,113,113
828-86,,,,,,,,1,1,1,1,112,112,112,113,113,113
828-92,,,,,,,,1,2,2,2,111,111,111,113,113,113
829-02,,,,,,,,1,,,,111,111,111,111,111,111
829-23,,,,,,,,1,,,,111,111,111,111,111,111
829-31,,,,,,,,1,,,,111,111,111,111,111,111
829-32,,,,,,,,1,,,,111,111,111,111,111,111
829-36,,,,,,,,1,,,,112,112,112,112,112,112
829-54,,,,,,,,1,,,,112,112,112,112,112,112
829-64,,,,,,,,1,1,1,1,112,112,112,113,113,113
829-68,,,,,,,,1,,,,111,111,111,111,111,111
829-74,,,,,,,,1,,,,111,111,111,111,111,111
829-81,,,,,,,,1,,,,111,111,111,111,111,111
829-92,,,,,,,,1,1,1,1,112,112,112,113,113,113
829-95,,,,,,,,1,1,1,1,111,111,111,112,112,112
829-99,,,,,,,,1,,,,112,112,112,112,112,112
830-01,,,,,,,,2,1,1,1,111,111,111,112,112,112
830-24,,,,,,,,1,,,,111,111,111,111,111,111
830-28,,,,,,,,1,,,,112,112,112,112,112,112
830-30,,,,,,,,1,,,,112,112,112,112,112,112
830-31,,,,,,,,1,,,,112,112,112,112,112,112
830-36,,,,,,,,1,,,,112,112,112,112,112,112
830-38,,,,,,,,1,,,,112,112,112,112,112,112
830-43,,,,,,,,2,,34,69,43,77,112,112,112,112
830-51,,,,,,,,1,,,,112,112,112,112,112,112
830-66,,,,,,,,1,1,1,1,111,111,111,112,112,112
830-73,,,,,,,,1,,,,111,111,111,111,111,111
830-82,,,,,,,,1,,,,112,112,112,112,112,112
830-86,,,,,,,,1,1,1,1,111,111,111,112,112,112
830-90,,,,,,,,1,,,,111,111,111,111,111,111
830-91,,,,,,,,1,1,1,1,111,111,111,112,112,112
830-95,,,,,,,,1,1,1,1,112,112,112,113,113,113
831-12,,,,,,,,1,1,1,1,111,111,111,112,112,112
831-13,,,,,,,,2,,,,112,112,113,112,112,113
831-19,,,,,,,,2,,32,64,48,79,111,111,111,112
831-22,,,,,,,,1,81,81,81,32,32,32,113,113,113
831-24,,,,,,,,1,,,,112,112,112,112,112,112
831-28,,,,,,,,1,,,,112,112,112,112,112,112
831-30,,,,,,,,1,,,,111,111,111,111,111,111
831-38,,,,,,,,1,,,,111,111,111,111,111,111
831-46,,,,,,,,1,1,1,1,111,111,111,112,112,112
831-60,,,,,,,,1,,,,112,112,112,112,112,112
831-62,,,,,,,,1,,,,112,112,112,112,112,112
831-68,,,,,,,,1,1,1,1,112,112,112,113,113,113
831-69,,,,,,,,1,,,,112,112,112,112,112,112
831-84,,,,,,,,1,1,1,1,111,111,111,112,112,112
831-92,,,,,,,,1,,,,112,112,112,112,112,112
831-99,,,,,,,,1,1,1,1,112,112,112,113,113,113
832-09,,,,,,,,2,,,1,112,112,112,112,112,113
832-11,,,,,,,,1,,,,112,112,112,112,112,112
832-16,,,,,,,,2,,,1,111,111,112,112,112,112
832-18,,,,,,,,1,,,,111,111,111,111,111,111
832-23,,,,,,,,1,,,,112,112,112,112,112,112
832-25,,,,,,,,1,1,1,1,111,111,111,112,112,112
832-27,,,,,,,,1,,,,111,111,111,111,111,111
832-36,,,,,,,,1,,,,112,112,112,112,112,112
832-39,,,,,,,,1,78,78,78,35,35,35,113,113,113
832-45,,,,,,,,2,,,,112,112,112,112,112,112
832-57,,,,,,,,1,,,,112,112,112,112,112,112
832-62,,,,,,,,2,,,,112,112,113,112,112,113
832-63,,,,,,,,1,,,,111,111,111,111,111,111
832-72,,,,,,,,1,19,19,19,94,94,94,113,113,113
832-84,,,,,,,,1,,,,112,112,112,112,112,112
832-85,,,,,,,,1,1,1,1,112,112,112,113,113,113
832-87,,,,,,,,1,2,2,2,111,111,111,113,113,113
832-92,,,,,,,,1,,,,112,112,112,112,112,112
832-93,,,,,,,,1,,,,112,112,112,112,112,112
833-08,,,,,,,,1,,,,112,112,112,112,112,112
833-10,,,,,,,,1,1,1,1,111,111,111,112,112,112
833-14,,,,,,,,1,,,,112,112,112,112,112,112
833-23,,,,,,,,1,,,,112,112,112,112,112,112
833-29,,,,,,,,1,,,,111,111,111,111,111,111
833-33,,,,,,,,1,,,,112,112,112,112,112,112
833-38,,,,,,,,1,1,1,1,112,112,112,113,113,113
833-47,,,,,,,,1,1,1,1,111,111,111,112,112,112
833-51,,,,,,,,2,,,1,111,111,112,111,112,113
833-72,,,,,,,,1,1,1,1,111,111,111,112,112,112
833-77,,,,,,,,1,63,63,63,49,49,49,112,112,112
834-04,,,,,,,,1,,,,111,111,111,111,111,111
834-10,,,,,,,,1,,,,112,112,112,112,112,112
834-12,,,,,,,,1,1,1,1,112,112,112,113,113,113
834-17,,,,,,,,1,,,,111,111,111,111,111,111
834-21,,,,,,,,1,43,43,43,70,70,70,113,113,113
834-25,,,,,,,,1,,,,112,112,112,112,112,112
834-45,,,,,,,,1,2,2,2,111,111,111,113,113,113
834-59,,,,,,,,1,,,,112,112,112,112,112,112
834-71,,,,,,,,1,26,26,26,86,86,86,112,112,112
834-72,,,,,,,,1,67,67,67,46,46,46,113,113,113
834-93,,,,,,,,2,,1,2,111,111,112,112,112,113
834-95,,,,,,,,1,,,,111,111,111,111,111,111
835-12,,,,,,,,1,,,,112,112,112,112,112,112
835-34,,,,,,,,1,,,,111,111,111,111,111,111
835-35,,,,,,,,1,,,,112,112,112,112,112,112
835-36,,,,,,,,2,,37,74,38,75,113,112,112,113
835-56,,,,,,,,3,,30,91,22,81,112,111,112,113
835-67,,,,,,,,1,1,1,1,111,111,111,112,112,112
835-79,,,,,,,,1,73,73,73,39,39,39,112,112,112
835-85,,,,,,,,1,1,1,1,112,112,112,113,113,113
835-88,,,,,,,,1,,,,111,111,111,111,111,111
835-97,,,,,,,,1,,,,112,112,112,112,112,112
836-02,,,,,,,,2,1,1,1,111,111,112,112,112,113
836-12,,,,,,,,1,,,,112,112,112,112,112,112
836-13,,,,,,,,1,,,,111,111,111,111,111,111
836-20,,,,,,,,1,,,,112,112,112,112,112,112
836-43,,,,,,,,1,1,1,1,112,112,112,113,113,113
836-67,,,,,,,,1,,,,112,112,112,112,112,112
836-69,,,,,,,,1,,,,112,112,112,112,112,112
836-74,,,,,,,,1,1,1,1,111,111,111,112,112,112
836-78,,,,,,,,2,,46,93,20,66,113,113,113,113
836-85,,,,,,,,1,1,1,1,111,111,111,112,112,112
836-87,,,,,,,,1,81,81,81,32,32,32,113,113,113
836-92,,,,,,,,1,1,1,1,111,111,111,112,112,112
836-99,,,,,,,,2,,,1,111,111,112,112,112,112
837-32,,,,,,,,1,1,1,1,111,111,111,112,112,112
837-34,,,,,,,,1,47,47,47,65,65,65,112,112,112
837-38,,,,,,,,1,30,30,30,63,63,63,93,93,93
837-42,,,,,,,,1,,,,111,111,111,111,111,111
837-47,,,,,,,,1,1,1,1,111,111,111,112,112,112
837-69,,,,,,,,1,,,,111,111,111,111,111,111
837-91,,,,,,,,1,,,,111,111,111,111,111,111
837-94,,,,,,,,2,,,1,112,112,112,112,112,113
837-95,,,,,,,,2,,,,112,112,112,112,112,112
838-03,,,,,,,,1,,,,112,112,112,112,112,112
838-16,,,,,,,,1,,,,112,112,112,112,112,112
838-27,,,,,,,,1,1,1,1,111,111,111,112,112,112
838-28,,,,,,,,1,,,,112,112,112,112,112,112
838-29,,,,,,,,1,1,1,1,111,111,111,112,112,112
838-42,,,,,,,,1,1,1,1,111,111,111,112,112,112
838-45,,,,,,,,1,,,,111,111,111,111,111,111
838-58,,,,,,,,1,,,,112,112,112,112,112,112
838-64,,,,,,,,1,1,1,1,112,112,112,113,113,113
838-79,,,,,,,,2,,,1,111,111,112,112,112,112
838-81,,,,,,,,1,,,,113,113,113,113,113,113
838-83,,,,,,,,1,,,,111,111,111,111,111,111
838-97,,,,,,,,1,,,,111,111,111,111,111,111
839-01,,,,,,,,1,,,,112,112,112,112,112,112
839-05,,,,,,,,1,60,60,60,51,51,51,111,111,111
839-16,,,,,,,,1,,,,111,111,111,111,111,111
839-33,,,,,,,,1,58,58,58,55,55,55,113,113,113
839-47,,,,,,,,1,,,,112,112,112,112,112,112
839-51,,,,,,,,1,1,1,1,112,112,112,113,113,113
839-58,,,,,,,,1,76,76,76,37,37,37,113,113,113
839-71,,,,,,,,1,,,,111,111,111,111,111,111
839-85,,,,,,,,1,1,1,1,112,112,112,113,113,113
839-91,,,,,,,,1,93,93,93,20,20,20,113,113,113
840-08,,,,,,,,1,,,,112,112,112,112,112,112
840-48,,,,,,,,1,1,1,1,111,111,111,112,112,112
840-51,,,,,,,,1,1,1,1,111,111,111,112,112,112
840-57,,,,,,,,1,2,2,2,111,111,111,113,113,113
840-59,,,,,,,,1,,,,111,111,111,111,111,111
840-62,,,,,,,,1,,,,113,113,113,113,113,113
840-76,,,,,,,,1,,,,112,112,112,112,112,112
840-77,,,,,,,,1,1,1,1,111,111,111,112,112,112
840-81,,,,,,,,2,,,,112,112,112,112,112,112
840-84,,,,,,,,1,1,1,1,112,112,112,113,113,113
840-91,,,,,,,,2,,,,111,111,112,111,111,112
840-95,,,,,,,,1,,,,112,112,112,112,112,112
840-98,,,,,,,,1,3,3,3,110,110,110,113,113,113
840-99,,,,,,,,1,,,,112,112,112,112,112,112
841-05,,,,,,,,1,,,,112,112,112,112,112,112
841-09,,,,,,,,1,1,1,1,111,111,111,112,112,112
841-10,,,,,,,,2,,,,111,111,111,111,111,111
841-11,,,,,,,,1,1,1,1,111,111,111,112,112,112
841-25,,,,,,,,2,,,,112,112,113,112,112,113
841-37,,,,,,,,1,,,,113,113,113,113,113,113
841-39,,,,,,,,1,,,,112,112,112,112,112,112
841-46,,,,,,,,1,,,,112,112,112,112,112,112
841-47,,,,,,,,1,,,,113,113,113,113,113,113
841-53,,,,,,,,1,88,88,88,24,24,24,112,112,112
841-56,,,,,,,,1,1,1,1,112,112,112,113,113,113
841-60,,,,,,,,1,,,,112,112,112,112,112,112
841-70,,,,,,,,1,,,,111,111,111,111,111,111
841-71,,,,,,,,1,1,1,1,112,112,112,113,113,113
841-72,,,,,,,,1,35,35,35,76,76,76,111,111,111
841-73,,,,,,,,1,,,,111,111,111,111,111,111
841-89,,,,,,,,1,1,1,1,111,111,111,112,112,112
841-94,,,,,,,,1,1,1,1,112,112,112,113,113,113
842-16,,,,,,,,1,1,1,1,111,111,111,112,112,112
842-26,,,,,,,,1,,,,112,112,112,112,112,112
842-38,,,,,,,,1,1,1,1,111,111,111,112,112,112
842-41,,,,,,,,1,54,54,54,58,58,58,112,112,112
842-42,,,,,,,,2,,20,41,71,91,112,112,112,112
842-53,,,,,,,,1,,,,111,111,111,111,111,111
842-54,,,,,,,,1,,,,112,112,112,112,112,112
842-59,,,,,,,,1,1,1,1,111,111,111,112,112,112
842-64,,,,,,,,1,,,,111,111,111,111,111,111
842-79,,,,,,,,1,,,,111,111,111,111,111,111
842-86,,,,,,,,1,1,1,1,111,111,111,112,112,112
843-05,,,,,,,,1,,,,111,111,111,111,111,111
843-14,,,,,,,,1,,,,112,112,112,112,112,112
843-18,,,,,,,,1,,,,112,112,112,112,112,112
843-22,,,,,,,,1,,,,112,112,112,112,112,112
843-27,,,,,,,,1,,,,112,112,112,112,112,112
843-40,,,,,,,,1,1,1,1,112,112,112,113,113,113
843-47,,,,,,,,1,,,,112,112,112,112,112,112
843-67,,,,,,,,1,88,88,88,24,24,24,112,112,112
843-72,,,,,,,,2,,,1,111,111,112,112,112,112
843-73,,,,,,,,1,,,,112,112,112,112,112,112
843-83,,,,,,,,1,,,,112,112,112,112,112,112
843-86,,,,,,,,1,66,66,66,46,46,46,112,112,112
843-87,,,,,,,,1,,,,111,111,111,111,111,111
843-97,,,,,,,,1,,,,112,112,112,112,112,112
844-24,,,,,,,,1,83,83,83,29,29,29,112,112,112
844-28,,,,,,,,2,,44,89,24,68,112,112,112,113
844-45,,,,,,,,1,,,,112,112,112,112,112,112
844-55,,,,,,,,1,,,,112,112,112,112,112,112
844-62,,,,,,,,1,,,,112,112,112,112,112,112
844-69,,,,,,,,1,,,,112,112,112,112,112,112
844-83,,,,,,,,1,1,1,1,112,112,112,113,113,113
844-86,,,,,,,,1,1,1,1,112,112,112,113,113,113
844-90,,,,,,,,2,,,,112,112,112,112,112,112
844-91,,,,,,,,1,,,,112,112,112,112,112,112
844-97,,,,,,,,1,,,,111,111,111,111,111,111
845-04,,,,,,,,1,,,,112,112,112,112,112,112
845-08,,,,,,,,1,,,,112,112,112,112,112,112
845-10,,,,,,,,1,,,,112,112,112,112,112,112
845-14,,,,,,,,1,,,,112,112,112,112,112,112
845-15,,,,,,,,1,1,1,1,111,111,111,112,112,112
845-24,,,,,,,,1,1,1,1,111,111,111,112,112,112
845-25,,,,,,,,1,,,,111,111,111,111,111,111
845-44,,,,,,,,1,,,,113,113,113,113,113,113
845-58,,,,,,,,1,,,,111,111,111,111,111,111
845-60,,,,,,,,1,,,,113,113,113,113,113,113
845-70,,,,,,,,1,,,,112,112,112,112,112,112
845-72,,,,,,,,1,1,1,1,112,112,112,113,113,113
845-73,,,,,,,,2,,,,111,111,112,111,111,112
845-75,,,,,,,,1,,,,112,112,112,112,112,112
845-89,,,,,,,,1,1,1,1,111,111,111,112,112,112
845-96,,,,,,,,1,72,72,72,41,41,41,113,113,113
846-01,,,,,,,,1,1,1,1,112,112,112,113,113,113
846-04,,,,,,,,2,,,,112,112,112,112,112,112
846-08,,,,,,,,4,,22,86,27,90,112,112,112,113
846-18,,,,,,,,1,1,1,1,112,112,112,113,113,113
846-27,,,,,,,,1,,,,112,112,112,112,112,112
846-34,,,,,,,,1,,,,112,112,112,112,112,112
846-42,,,,,,,,1,,,,111,111,111,111,111,111
846-67,,,,,,,,2,,,,112,112,112,112,112,112
846-80,,,,,,,,1,,,,111,111,111,111,111,111
846-84,,,,,,,,2,,40,81,32,71,111,111,112,113
846-97,,,,,,,,1,1,1,1,112,112,112,113,113,113
846-99,,,,,,,,1,,,,111,111,111,111,111,111
847-08,,,,,,,,1,1,1,1,111,111,111,112,112,112
847-09,,,,,,,,2,,,,112,112,112,112,112,112
847-13,,,,,,,,1,,,,113,113,113,113,113,113
847-15,,,,,,,,1,1,1,1,111,111,111,112,112,112
847-16,,,,,,,,1,1,1,1,111,111,111,112,112,112
847-17,,,,,,,,1,1,1,1,112,112,112,113,113,113
847-20,,,,,,,,1,,,,113,113,113,113,113,113
847-25,,,,,,,,1,,,,113,113,113,113,113,113
847-34,,,,,,,,1,,,,112,112,112,112,112,112
847-40,,,,,,,,1,1,1,1,112,112,112,113,113,113
847-41,,,,,,,,1,,,,112,112,112,112,112,112
847-48,,,,,,,,1,,,,112,112,112,112,112,112
847-61,,,,,,,,1,,,,112,112,112,112,112,112
847-62,,,,,,,,2,,,,112,112,112,112,112,112
847-71,,,,,,,,1,1,1,1,112,112,112,113,113,113
847-77,,,,,,,,1,1,1,1,111,111,111,112,112,112
847-81,,,,,,,,1,,,,111,111,111,111,111,111
848-13,,,,,,,,1,,,,112,112,112,112,112,112
848-29,,,,,,,,1,,,,111,111,111,111,111,111
848-34,,,,,,,,1,,,,113,113,113,113,113,113
848-51,,,,,,,,1,,,,112,112,112,112,112,112
848-52,,,,,,,,1,,,,113,113,113,113,113,113
848-70,,,,,,,,1,,,,111,111,111,111,111,111
848-73,,,,,,,,1,1,1,1,112,112,112,113,113,113
848-76,,,,,,,,1,,,,112,112,112,112,112,112
848-78,,,,,,,,2,,,,111,112,113,111,112,113
848-91,,,,,,,,2,,,,112,112,112,112,112,112
849-13,,,,,,,,1,1,1,1,111,111,111,112,112,112
849-26,,,,,,,,2,,,1,111,111,111,111,111,112
849-32,,,,,,,,1,,,,112,112,112,112,112,112
849-47,,,,,,,,1,,,,112,112,112,112,112,112
849-48,,,,,,,,1,1,1,1,111,111,111,112,112,112
849-61,,,,,,,,2,,,1,111,111,112,112,112,112
849-63,,,,,,,,1,,,,112,112,112,112,112,112
849-66,,,,,,,,1,,,,112,112,112,112,112,112
849-68,,,,,,,,1,1,1,1,111,111,111,112,112,112
849-73,,,,,,,,1,1,1,1,112,112,112,113,113,113
849-85,,,,,,,,1,1,1,1,112,112,112,113,113,113
849-88,,,,,,,,1,,,,111,111,111,111,111,111
849-99,,,,,,,,1,,,,112,112,112,112,112,112
850-11,,,,,,,,1,,,,112,112,112,112,112,112
850-12,,,,,,,,1,1,1,1,111,111,111,112,112,112
850-17,,,,,,,,1,,,,111,111,111,111,111,111
850-19,,,,,,,,2,,,,112,112,112,112,112,112
850-34,,,,,,,,1,,,,112,112,112,112,112,112
850-41,,,,,,,,2,,,1,111,111,112,112,112,112
850-44,,,,,,,,1,,,,111,111,111,111,111,111
850-46,,,,,,,,1,,,,112,112,112,112,112,112
850-54,,,,,,,,1,,,,113,113,113,113,113,113
850-57,,,,,,,,1,,,,112,112,112,112,112,112
850-64,,,,,,,,1,,,,112,112,112,112,112,112
850-65,,,,,,,,2,,37,74,39,75,112,112,112,113
850-84,,,,,,,,2,1,1,2,111,111,111,112,112,113
850-92,,,,,,,,1,,,,112,112,112,112,112,112